5000
0.08467, 0.4784
0.76445, 0.41535
0.24868, 0.29637
0.67703, 0.31795
0.37991, 0.80119
0.99962, 0.62394
0.28575, 0.72802
0.36852, 0.01914
0.90498, 0.98993
0.53523, 0.64899
0.7547, 0.08551
0.18946, 0.04278
0.2845, 0.62952
0.67645, 0.2584
0.93143, 0.22963
0.89525, 0.68267
0.24824, 0.07077
0.48222, 0.44059
0.16096, 0.87333
0.27985, 0.85858
0.71069, 0.07462
0.18034, 0.01891
0.22684, 0.16599
0.1257, 0.20159
0.9808, 0.45887
0.48331, 0.47447
0.46435, 0.60605
0.88477, 0.79966
0.09553, 0.16069
0.19681, 0.1978
0.79991, 0.83279
0.73655, 0.64995
0.53989, 0.57545
0.94808, 0.59115
0.2927, 0.5441
0.06572, 0.70854
0.34418, 0.76914
0.36581, 0.92248
0.82862, 0.17816
0.16203, 0.0003
0.64759, 0.21367
0.47755, 0.82117
0.90024, 0.6973
0.30757, 0.14892
0.82977, 0.38542
0.97434, 0.19776
0.91786, 0.23895
0.17534, 0.8138
0.217, 0.17546
0.20388, 0.66349
0.88275, 0.56308
0.69747, 0.17763
0.41811, 0.7298
0.27737, 0.04882
0.87055, 0.88307
0.81367, 0.1616
0.63471, 0.99736
0.11105, 0.22279
0.48126, 0.12314
0.96004, 0.01022
0.61397, 0.79601
0.90169, 0.60329
0.00915, 0.22991
0.51768, 0.53382
0.29903, 0.87346
0.31423, 0.50698
0.40668, 0.01833
0.14949, 0.48037
0.87146, 0.46077
0.40914, 0.72081
0.93401, 0.79495
0.40239, 0.0662
0.27211, 0.61352
0.31962, 0.87253
0.80644, 0.38664
0.51675, 0.40577
0.13417, 0.33795
0.4548, 0.38226
0.80551, 0.05892
0.4043, 0.81647
0.43963, 0.53373
0.01654, 0.53539
0.22811, 0.41421
0.1737, 0.4021
0.95249, 0.4982
0.06506, 0.49099
0.16933, 0.97797
0.21183, 0.58296
0.85922, 0.27979
0.91039, 0.19188
0.42863, 0.40741
0.45573, 0.98127
0.77099, 0.05591
0.81517, 0.29066
0.25554, 0.66821
0.62425, 0.69451
0.96594, 0.8503
0.84787, 0.71889
0.54007, 0.65398
0.73581, 0.22954
0.83613, 0.37351
0.85266, 0.60487
0.80512, 0.5226
0.44837, 0.83383
0.29839, 0.11788
0.29627, 0.55474
0.10445, 0.69405
0.19567, 0.8442
0.7916, 0.59615
0.22405, 0.78727
0.13904, 0.37594
0.95877, 0.28725
0.24538, 0.31309
0.74166, 0.69775
0.71626, 0.76772
0.81228, 0.00963
0.68298, 0.02595
0.87452, 0.48593
0.12338, 0.2129
0.45084, 0.88442
0.13424, 0.44526
0.45479, 0.81864
0.88363, 0.86911
0.97319, 0.26733
0.30916, 0.79539
0.01973, 0.46356
0.99423, 0.79893
0.54091, 0.66545
0.85779, 0.26154
0.15638, 0.36668
0.99413, 0.89011
0.44738, 0.27466
0.35617, 0.24351
0.07852, 0.96235
0.26158, 0.97445
0.49118, 0.82806
0.22252, 0.02396
0.95825, 0.4238
0.20655, 0.31335
0.75538, 0.67238
0.3315, 0.69852
0.2509, 0.69384
0.79634, 0.24189
0.81236, 0.17412
0.3435, 0.83293
0.62415, 0.04505
0.88745, 0.2826
0.48427, 0.53138
0.75737, 0.82366
0.47404, 0.53375
0.97192, 0.66449
0.84287, 0.797
0.44452, 0.65062
0.78836, 0.00944
0.17339, 0.19803
0.63515, 0.6461
0.11299, 0.77694
0.27358, 0.43372
0.79833, 0.13673
0.45271, 0.57463
0.4074, 0.95512
0.89004, 0.21034
0.3717, 0.8453
0.41417, 0.12849
0.35281, 0.5002
0.10825, 0.34758
0.22199, 0.66321
0.6792, 0.85326
0.69265, 0.54819
0.71402, 0.5371
0.34273, 0.46811
0.24031, 0.17286
0.98622, 0.74434
0.42824, 0.48826
0.68611, 0.73965
0.72793, 0.41453
0.52024, 0.33525
0.00522, 0.92079
0.35928, 0.23107
0.59992, 0.54887
0.4532, 0.43481
0.93229, 0.30326
0.94943, 0.5327
0.32557, 0.39471
0.88275, 0.68173
0.39399, 0.77309
0.08929, 0.82736
0.12027, 0.55676
0.1388, 0.82172
0.61449, 0.89159
0.56054, 0.57406
0.32701, 0.42553
0.55105, 0.02886
0.87461, 0.52209
0.06009, 0.55111
0.15937, 0.64537
0.04365, 0.71309
0.54592, 0.47072
0.73744, 0.90739
0.43963, 0.2765
0.61005, 0.2425
0.06629, 0.79704
0.76108, 0.86849
0.59477, 0.06153
0.03733, 0.34761
0.60854, 0.5255
0.24468, 0.92539
0.38405, 0.25862
0.06404, 0.8273
0.05428, 0.5283
0.94348, 0.34077
0.49876, 0.81626
0.72255, 0.26287
0.4567, 0.0395
0.44524, 0.76267
0.12029, 0.17611
0.34589, 0.58671
0.15959, 0.38527
0.68019, 0.8947
0.27012, 0.16833
0.57754, 0.85448
0.15176, 0.73066
0.91908, 0.11151
0.75979, 0.77704
0.24915, 0.38508
0.30327, 0.71376
0.04367, 0.15468
0.56541, 0.63028
0.65984, 0.6112
0.0286, 0.91179
0.61138, 0.23932
0.81464, 0.40366
0.07119, 0.07919
0.06824, 0.44174
0.85768, 0.65017
0.12145, 0.75096
0.50022, 0.16441
0.93079, 0.96349
0.34504, 0.58812
0.55599, 0.36531
0.34283, 0.02871
0.29365, 0.6439
0.35273, 0.9592
0.39919, 0.92206
0.97976, 0.93965
0.38425, 0.3945
0.79331, 0.52766
0.61311, 0.37536
0.31543, 0.42285
0.23532, 0.35336
0.42764, 0.14352
0.6666, 0.69597
0.36594, 0.66379
0.09046, 0.19996
0.73492, 0.07903
0.57878, 0.16037
0.53083, 0.98667
0.20622, 0.98329
0.10393, 0.54378
0.67998, 0.44924
0.66052, 0.71635
0.21769, 0.55474
0.93085, 0.78027
0.05325, 0.12078
0.0026, 0.07785
0.42456, 0.72045
0.40791, 0.41076
0.63743, 0.741
0.48342, 0.44898
0.06946, 0.17766
0.57545, 0.90927
0.13293, 0.09497
0.49307, 0.20783
0.66815, 0.65464
0.20643, 0.64834
0.16824, 0.65308
0.65919, 0.85664
0.87398, 0.70481
0.88751, 0.3308
0.98573, 0.21632
0.54271, 0.16798
0.02131, 0.64623
0.15168, 0.61004
0.58858, 0.4742
0.8888, 0.01698
0.17489, 0.47331
0.2918, 0.78628
0.10484, 0.43831
0.69501, 0.3392
0.81802, 0.88632
0.49355, 0.5959
0.61344, 0.0907
0.89791, 0.38477
0.24664, 0.6892
0.20958, 0.7035
0.16372, 0.10035
0.94356, 0.17517
0.37363, 0.16558
0.88508, 0.14295
0.19252, 0.97023
0.29459, 0.07373
0.98609, 0.63447
0.66539, 0.05515
0.57135, 0.51017
0.83942, 0.53867
0.05442, 0.67824
0.5734, 0.90453
0.61337, 0.40389
0.29965, 0.79521
0.70029, 0.46876
0.41943, 0.14506
0.16002, 0.82196
0.22946, 0.51265
0.90692, 0.90667
0.71669, 0.59442
0.8156, 0.29456
0.64488, 0.82668
0.76584, 0.31856
0.76435, 0.87306
0.4719, 0.8173
0.88932, 0.14047
0.98288, 0.94441
0.57993, 0.5366
0.02127, 0.56324
0.45773, 0.42169
0.33513, 0.12222
0.90187, 0.48053
0.63284, 0.75718
0.39131, 0.07553
0.8584, 0.33922
0.16406, 0.74819
0.07702, 0.84155
0.69154, 0.1832
0.2956, 0.66156
0.72744, 0.25552
0.03042, 0.98048
0.35062, 0.54455
0.30252, 0.53907
0.90829, 0.88025
0.43142, 0.27568
0.50971, 0.00235
0.20124, 0.79468
0.3807, 0.7363
0.75358, 0.92183
0.97403, 0.33291
0.43312, 0.93209
0.54504, 0.13954
0.42312, 0.81668
0.42747, 0.13301
0.08893, 0.64351
0.35421, 0.56238
0.596, 0.83226
0.96161, 0.04545
0.74276, 0.79987
0.81005, 0.78005
0.1691, 0.8051
0.30048, 0.66575
0.17467, 0.30888
0.89482, 0.20593
0.9937, 0.43111
0.23358, 0.38189
0.64903, 0.62091
0.01784, 0.5589
0.77241, 0.75699
0.50121, 0.80362
0.20914, 0.43465
0.64093, 0.15718
0.03997, 0.79791
0.01788, 0.67203
0.18126, 0.73042
0.25307, 0.26661
0.89483, 0.50486
0.46239, 0.95195
0.98527, 0.13123
0.59072, 0.31342
0.50257, 0.942
0.57512, 0.68492
0.33521, 0.55111
0.1501, 0.39231
0.38216, 0.6948
0.89202, 0.12179
0.63937, 0.27455
0.2807, 0.26959
0.19578, 0.76025
0.61026, 0.4489
0.36968, 0.39123
0.04122, 0.47467
0.49042, 0.31584
0.91077, 0.31242
0.26893, 0.89261
0.49031, 0.70348
0.59419, 0.81856
0.69604, 0.74565
0.05016, 0.94462
0.01014, 0.09198
0.04353, 0.56663
0.90125, 0.68449
0.15321, 0.87991
0.14662, 0.86713
0.0413, 0.21134
0.24335, 0.53728
0.24925, 0.36729
0.3532, 0.33124
0.13314, 0.30649
0.24075, 0.1923
0.52814, 0.83708
0.68503, 0.42418
0.54167, 0.14255
0.6516, 0.8547
0.97375, 0.14142
0.09022, 0.56724
0.98075, 0.84571
0.66984, 0.5843
0.54885, 0.83552
0.73056, 0.37469
0.85142, 0.09985
0.61812, 0.68056
0.85476, 0.23153
0.62208, 0.24831
0.44469, 0.86377
0.3189, 0.67232
0.80618, 0.42145
0.818, 0.26441
0.23869, 0.52829
0.53659, 0.03156
0.51149, 0.06301
0.80939, 0.79798
0.07164, 0.38129
0.90293, 0.18065
0.67131, 0.3643
0.97189, 0.52288
0.24551, 0.45705
0.97545, 0.55386
0.754, 0.44813
0.66314, 0.58742
0.33914, 0.1781
0.58686, 0.21856
0.2134, 0.27345
0.42185, 0.37763
0.43523, 0.31445
0.9546, 0.97584
0.35978, 0.10235
0.88234, 0.82626
0.60988, 0.38261
0.4556, 0.86955
0.45888, 0.14857
0.2105, 0.13628
0.54539, 0.00555
0.00815, 0.6556
0.50383, 0.18092
0.52366, 0.713
0.51755, 0.98678
0.89715, 0.36932
0.46628, 0.53593
0.88992, 0.01074
0.91759, 0.9138
0.12145, 0.63832
0.02472, 0.59806
0.44181, 0.98185
0.98083, 0.9176
0.91061, 0.25045
0.41587, 0.77298
0.70263, 0.41787
0.54791, 0.82058
0.96795, 0.85707
0.95077, 0.20722
0.21891, 0.84817
0.38284, 0.71618
0.56284, 0.54359
0.25361, 0.77799
0.66242, 0.97369
0.58019, 0.96588
0.68273, 0.41792
0.61201, 0.57488
0.19724, 0.25048
0.05635, 0.60823
0.54307, 0.71493
0.79923, 0.2909
0.74862, 0.90901
0.08413, 0.0567
0.59516, 0.67217
0.80745, 0.84154
0.86724, 0.21148
0.73034, 0.02145
0.3579, 0.55244
0.59435, 0.48094
0.05601, 0.4722
0.00531, 0.56526
0.83231, 0.15862
0.56218, 0.32586
0.8391, 0.80949
0.68, 0.72071
0.49786, 0.38875
0.25114, 0.76385
0.09969, 0.87039
0.728, 0.54684
0.73455, 0.41046
0.51587, 0.8813
0.44828, 0.32926
0.16525, 0.29431
0.49078, 0.72503
0.87754, 0.16631
0.60585, 0.21268
0.25704, 0.4582
0.33811, 0.39486
0.46218, 0.52402
0.9462, 0.55167
0.42019, 0.57472
0.07617, 0.63446
0.93901, 0.90582
0.69034, 0.08971
0.0207, 0.0823
0.5099, 0.69585
0.40119, 0.61219
0.91224, 0.02061
0.01804, 0.5967
0.10935, 0.70016
0.50069, 0.71509
0.30324, 0.59658
0.80084, 0.64358
0.99699, 0.78782
0.10902, 0.34859
0.11695, 0.38225
0.49578, 0.10597
0.34528, 0.06
0.45324, 0.04396
0.7745, 0.09511
0.07364, 0.30949
0.67083, 0.43078
0.08701, 0.94915
0.38184, 0.73842
0.82743, 0.17346
0.96837, 0.74796
0.69058, 0.04344
0.69496, 0.62331
0.80339, 0.42975
0.31218, 0.73381
0.1003, 0.05721
0.36592, 0.06562
0.86961, 0.25546
0.51451, 0.30169
0.30525, 0.18252
0.52357, 0.96938
0.23198, 0.26277
0.47451, 0.2438
0.57333, 0.82334
0.17361, 0.35256
0.25662, 0.49302
0.27191, 0.72785
0.93578, 0.51057
0.36391, 0.18447
0.26409, 0.95674
0.52112, 0.70948
0.20643, 0.26931
0.03574, 0.11917
0.70046, 0.49727
0.99349, 0.30201
0.98903, 0.16427
0.06505, 0.61931
0.87265, 0.90079
0.50104, 0.11819
0.64908, 0.95855
0.81961, 0.13925
0.79124, 0.04639
0.183, 0.58674
0.61923, 0.63473
0.83445, 0.47925
0.14599, 0.3834
0.13833, 0.95391
0.95648, 0.09146
0.61222, 0.32671
0.14837, 0.74141
0.72875, 0.90159
0.95384, 0.94619
0.1708, 0.01869
0.95276, 0.62147
0.64669, 0.49729
0.43821, 0.11032
0.09766, 0.71118
0.64316, 0.30754
0.50993, 0.39185
0.96022, 0.59339
0.50074, 0.94444
0.17631, 0.53572
0.30544, 0.84504
0.31767, 0.83628
0.37323, 0.80571
0.96028, 0.69513
0.80688, 0.91291
0.93728, 0.95674
0.77659, 0.26545
0.10845, 0.30603
0.25566, 0.32781
0.5505, 0.98318
0.73236, 0.73977
0.03449, 0.37267
0.65105, 0.65191
0.07366, 0.21506
0.32551, 0.10837
0.92838, 0.18498
0.67079, 0.87379
0.19869, 0.76459
0.79409, 0.73698
0.68132, 0.71532
0.06806, 0.92387
0.64579, 0.27545
0.15631, 0.27057
0.0919, 0.17825
0.09554, 0.24979
0.91244, 0.24785
0.83312, 0.93049
0.26688, 0.03562
0.67994, 0.15542
0.95767, 0.64921
0.63647, 0.21793
0.57323, 0.85718
0.76284, 0.47141
0.87196, 0.83746
0.42013, 0.90517
0.57247, 0.82735
0.1252, 0.68948
0.36373, 0.86281
0.22536, 0.2331
0.70587, 0.13315
0.22848, 0.63498
0.04999, 0.80269
0.4234, 0.33091
0.49922, 0.06391
0.47711, 0.10864
0.85353, 0.97637
0.66391, 0.89666
0.32729, 0.17544
0.23876, 0.41548
0.95079, 0.77902
0.29654, 0.05859
0.80759, 0.41464
0.72523, 0.33443
0.33325, 0.21061
0.85984, 0.21507
0.47242, 0.31329
0.1825, 0.88837
0.05577, 0.19759
0.30587, 0.08584
0.08339, 0.50388
0.35498, 0.02165
0.30663, 0.54395
0.98947, 0.72299
0.86295, 0.07358
0.22315, 0.56507
0.92494, 0.6144
0.31687, 0.94236
0.36536, 0.04496
0.56565, 0.59817
0.78969, 0.6919
0.14067, 0.72137
0.29379, 0.75634
0.25665, 0.65895
0.04042, 0.0322
0.44625, 0.66509
0.10699, 0.39726
0.29779, 0.78968
0.13602, 0.40131
0.14985, 0.3306
0.67527, 0.86873
0.45868, 0.25955
0.45991, 0.59258
0.21622, 0.88496
0.58272, 0.11958
0.03984, 0.843
0.77573, 0.2185
0.74273, 0.60071
0.86324, 0.50152
0.37947, 0.58379
0.69607, 0.34603
0.7194, 0.06816
0.97125, 0.68852
0.7798, 0.4598
0.34155, 0.48595
0.76114, 0.4364
0.15164, 0.40547
0.75504, 0.63248
0.87233, 0.34491
0.04255, 0.60728
0.90242, 0.01846
0.874, 0.95225
0.8072, 0.32185
0.81584, 0.04384
0.59095, 0.86021
0.58677, 0.39725
0.93247, 0.07109
0.32131, 0.43833
0.98501, 0.05265
0.1901, 0.1879
0.13672, 0.53536
0.45337, 0.86946
0.22792, 0.13732
0.20037, 0.75789
0.51969, 0.85495
0.29505, 0.5851
0.0563, 0.70117
0.80854, 0.92799
0.27615, 0.14556
0.77096, 0.46725
0.27912, 0.03361
0.1885, 0.75735
0.10319, 0.73933
0.36295, 0.73978
0.00115, 0.63718
0.18506, 0.15245
0.09358, 0.17293
0.40019, 0.35997
0.44831, 0.97965
0.98814, 0.15179
0.38484, 0.35146
0.22705, 0.37531
0.01724, 0.09744
0.99213, 0.21544
0.1359, 0.33184
0.99812, 0.07312
0.96536, 0.34799
0.52436, 0.32603
0.74947, 0.88843
0.0788, 0.17397
0.83677, 0.89836
0.01442, 0.00642
0.06336, 0.88416
0.26754, 0.10065
0.60264, 0.83104
0.53765, 0.3908
0.4701, 0.09527
0.76699, 0.81468
0.07995, 0.53276
0.65006, 0.11831
0.0814, 0.07725
0.73778, 0.75903
0.19722, 0.48502
0.61782, 0.32543
0.4804, 0.29412
0.37418, 0.99196
0.08544, 0.77999
0.74475, 0.51264
0.79248, 0.96428
0.8143, 0.13358
0.14166, 0.66542
0.82371, 0.41643
0.41616, 0.15431
0.31553, 0.86599
0.97859, 0.05626
0.55821, 0.52225
0.60777, 0.28289
0.5342, 0.33916
0.39804, 0.18347
0.98896, 0.65316
0.47439, 0.00492
0.83616, 0.17398
0.54711, 0.48107
0.92872, 0.61783
0.97716, 0.65034
0.64863, 0.63778
0.40928, 0.51651
0.61915, 0.36156
0.78125, 0.98369
0.16073, 0.24019
0.33784, 0.99131
0.13258, 0.19962
0.53238, 0.61577
0.15198, 0.88105
0.71195, 0.53679
0.12521, 0.15071
0.99537, 0.53357
0.68559, 0.27282
0.10957, 0.24087
0.73431, 0.18241
0.19398, 0.6597
0.85667, 0.10735
0.82395, 0.21559
0.14772, 0.45221
0.96112, 0.87516
0.11992, 0.48542
0.79323, 0.8395
0.52304, 0.34687
0.2425, 0.43017
0.92154, 0.11664
0.64594, 0.96662
0.39445, 0.17798
0.19256, 0.85786
0.78513, 0.68392
0.89896, 0.1406
0.01326, 0.82288
0.1773, 0.68707
0.97113, 0.21149
0.35711, 0.73256
0.32285, 0.50823
0.25143, 0.16568
0.90802, 0.64299
0.50739, 0.3797
0.31182, 0.33496
0.01691, 0.92065
0.2965, 0.02036
0.36472, 0.59489
0.33114, 0.80003
0.99682, 0.61778
0.63792, 0.35051
0.3932, 0.19697
0.58921, 0.79354
0.06788, 0.91412
0.29621, 0.44569
0.9626, 0.18006
0.50049, 0.27772
0.30325, 0.13882
0.66378, 0.32722
0.16115, 0.28068
0.30203, 0.92727
0.42302, 0.92506
0.10758, 0.85459
0.95491, 0.1381
0.3239, 0.44051
0.17274, 0.10533
0.0914, 0.28147
0.04157, 0.18506
0.53112, 0.09531
0.09272, 0.81007
0.61517, 0.15246
0.80185, 0.92663
0.37949, 0.63028
0.05132, 0.11182
0.2696, 0.68073
0.74118, 0.87307
0.65674, 0.9219
0.89337, 0.79089
0.12839, 0.1462
0.34598, 0.23252
0.52578, 0.40219
0.49948, 0.22824
0.99541, 0.12712
0.36519, 0.89458
0.64214, 0.29933
0.91022, 0.35227
0.00776, 0.22251
0.5436, 0.7221
0.34971, 0.17594
0.8397, 0.21026
0.53467, 0.74415
0.34166, 0.17958
0.10886, 0.5453
0.05296, 0.48222
0.07063, 0.02437
0.50293, 0.75831
0.07211, 0.44387
0.85083, 0.74748
0.86552, 0.1116
0.6262, 0.18713
0.42623, 0.28256
0.07918, 0.86757
0.88111, 0.69976
0.915, 0.61899
0.48935, 0.16555
0.62448, 0.23339
0.54282, 0.37779
0.32864, 0.02074
0.55111, 0.43321
0.13142, 0.4997
0.97387, 0.94182
0.86683, 0.89693
0.97613, 0.02022
0.41894, 0.54419
0.49702, 0.80304
0.84928, 0.6587
0.80815, 0.48754
0.93193, 0.46333
0.62091, 0.18332
0.81685, 0.72223
0.85912, 0.21395
0.25885, 0.42893
0.37577, 0.84706
0.06981, 0.13187
0.58016, 0.98771
0.4338, 0.67629
0.86015, 0.24344
0.31466, 0.68546
0.76121, 0.34324
0.77752, 0.6679
0.46488, 0.82205
0.19127, 0.98528
0.75704, 0.51771
0.80061, 0.66665
0.88729, 0.32217
0.27489, 0.09489
0.54511, 0.14283
0.87967, 0.64969
0.65071, 0.57282
0.10964, 0.29322
0.20605, 0.27687
0.5699, 0.97845
0.54919, 0.43717
0.64343, 0.62778
0.96612, 0.87483
0.037, 0.79606
0.96004, 0.84163
0.57125, 0.44547
0.40715, 0.74307
0.42044, 0.58121
0.59964, 0.29863
0.44142, 0.40042
0.10604, 0.55113
0.08314, 0.22504
0.05355, 0.51424
0.87688, 0.9934
0.38218, 0.32154
0.82902, 0.05117
0.96374, 0.28029
0.43302, 0.44393
0.71321, 0.59851
0.81416, 0.15914
0.06888, 0.30853
0.36131, 0.10207
0.36525, 0.06204
0.80205, 0.25643
0.95936, 0.21508
0.37315, 0.1406
0.94836, 0.55122
0.88741, 0.30439
0.25465, 0.9542
0.13577, 0.83199
0.60128, 0.57255
0.25922, 0.28075
0.68172, 0.11443
0.68125, 0.21843
0.5357, 0.18468
0.15032, 0.60908
0.81304, 0.27037
0.65102, 0.56226
0.10479, 0.24741
0.6152, 0.74132
0.23652, 0.51861
0.43004, 0.27972
0.92464, 0.90587
0.60372, 0.21592
0.41298, 0.9304
0.14156, 0.94926
0.1344, 0.52771
0.18268, 0.79838
0.72063, 0.0652
0.76247, 0.94589
0.08771, 0.71825
0.89969, 0.53742
0.34121, 0.43339
0.99305, 0.44425
0.86433, 0.49286
0.38865, 0.10281
0.75142, 0.15248
0.81151, 0.8294
0.87903, 0.20351
0.07032, 0.27344
0.85713, 0.99781
0.92601, 0.46303
0.92309, 0.02226
0.6768, 0.59654
0.27828, 0.78641
0.42735, 0.71694
0.87862, 0.52736
0.72306, 0.39385
0.45598, 0.78502
0.45794, 0.81824
0.21744, 0.81308
0.52065, 0.66763
0.37593, 0.05625
0.28372, 0.25043
0.4227, 0.81526
0.36933, 0.80677
0.67681, 0.01837
0.56706, 0.46027
0.12667, 0.92814
0.76855, 0.33738
0.75344, 0.10878
0.0616, 0.45753
0.57418, 0.54384
0.66299, 0.25786
0.42309, 0.10709
0.34957, 0.40123
0.93696, 0.32628
0.22945, 0.56332
0.41672, 0.72345
0.35751, 0.60523
0.0597, 0.8444
0.15285, 0.41331
0.37336, 0.40643
0.35892, 0.77685
0.62919, 0.90003
0.37696, 0.53067
0.46921, 0.30873
0.82868, 0.39329
0.03731, 0.54972
0.77161, 0.29716
0.93969, 0.39943
0.79525, 0.85187
0.60818, 0.13622
0.25973, 0.85211
0.2806, 0.48268
0.77124, 0.85483
0.65505, 0.74803
0.23831, 0.94709
0.45066, 0.07402
0.00935, 0.55979
0.77269, 0.21299
0.70982, 0.21993
0.66396, 0.90356
0.34748, 0.15991
0.17254, 0.87338
0.28925, 0.50151
0.40248, 0.3869
0.67815, 0.89788
0.23782, 0.57673
0.20627, 0.30052
0.91333, 0.53194
0.27221, 0.05134
0.575, 0.56998
0.43634, 0.96309
0.89702, 0.10326
0.52403, 0.25854
0.61922, 0.45812
0.07837, 0.8815
0.15139, 0.09225
0.50909, 0.78451
0.34736, 0.69177
0.12682, 0.24359
0.49868, 0.02479
0.57468, 0.80743
0.80332, 0.75526
0.14888, 0.59503
0.46501, 0.76852
0.94604, 0.09133
0.67682, 0.16101
0.79962, 0.34298
0.9519, 0.10467
0.12669, 0.15222
0.70913, 0.83578
0.04115, 0.25904
0.21932, 0.25819
0.46465, 0.34529
0.64745, 0.64766
0.71686, 0.0039
0.06417, 0.11575
0.03762, 0.03721
0.73265, 0.53867
0.43494, 0.0646
0.98296, 0.60211
0.40119, 0.75347
0.73706, 0.03023
0.63285, 0.49237
0.28076, 0.4448
0.52144, 0.15149
0.39486, 0.13023
0.21532, 0.1159
0.01122, 0.79378
0.95891, 0.50318
0.68855, 0.36021
0.62972, 0.7458
0.33467, 0.71304
0.13514, 0.59453
0.62337, 0.70052
0.33257, 0.23128
0.00155, 0.06574
0.18747, 0.94709
0.41355, 0.60686
0.41823, 0.20996
0.94663, 0.50475
0.88643, 0.74376
0.63794, 0.06711
0.99879, 0.25449
0.07758, 0.13749
0.6709, 0.74943
0.77089, 0.54589
0.10247, 0.25817
0.084, 0.27793
0.62046, 0.74067
0.68379, 0.61609
0.69562, 0.26149
0.6864, 0.66456
0.98546, 0.48105
0.23068, 0.35801
0.67478, 0.9055
0.37971, 0.20283
0.33629, 0.21622
0.06631, 0.32682
0.28138, 0.39797
0.68829, 0.16435
0.70021, 0.51878
0.57923, 0.19961
0.21513, 0.00441
0.63184, 0.89596
0.24028, 0.27678
0.26219, 0.58073
0.93019, 0.80002
0.04224, 0.91563
0.49357, 0.90765
0.97593, 0.67132
0.71556, 0.0107
0.93399, 0.62977
0.43808, 0.9579
0.65041, 0.41659
0.13453, 0.49242
0.43993, 0.40301
0.55506, 0.28757
0.26185, 0.17177
0.86663, 0.34776
0.96627, 0.34051
0.56337, 0.5241
0.05955, 0.92275
0.21266, 0.94495
0.0878, 0.67986
0.80699, 0.15637
0.28726, 0.84082
0.99454, 0.75029
0.35102, 0.26298
0.32584, 0.77574
0.55761, 0.79657
0.27816, 0.47886
0.80415, 0.51535
0.77793, 0.84509
0.44814, 0.8168
0.91636, 0.2972
0.65526, 0.34209
0.56507, 0.34427
0.09342, 0.53265
0.79036, 0.28579
0.13858, 0.08433
0.1249, 0.11038
0.24619, 0.04553
0.52898, 0.34905
0.35202, 0.58844
0.14581, 0.57997
0.70316, 0.14298
0.88424, 0.1471
0.99735, 0.14968
0.03537, 0.02703
0.7218, 0.3239
0.34369, 0.31419
0.93606, 0.55528
0.32563, 0.31223
0.90108, 0.58459
0.10253, 0.31032
0.64077, 0.10268
0.56551, 0.21893
0.57136, 0.04331
0.89015, 0.77445
0.74975, 0.3336
0.62063, 0.98033
0.97564, 0.35833
0.47108, 0.46168
0.6203, 0.51578
0.76159, 0.05086
0.42427, 0.33515
0.02286, 0.60898
0.04567, 0.1696
0.97689, 0.55471
0.55289, 0.91623
0.19835, 0.10984
0.96886, 0.93877
0.18502, 0.49791
0.74474, 0.65005
0.27682, 0.00186
0.17146, 0.96734
0.32284, 0.45112
0.45613, 0.39692
0.58546, 0.86101
0.16314, 0.94811
0.39007, 0.36766
0.37445, 0.09114
0.59951, 0.28944
0.03814, 0.16715
0.30397, 0.3925
0.04012, 0.21488
0.43491, 0.75977
0.05344, 0.10511
0.77623, 0.10687
0.53932, 0.53584
0.22471, 0.26096
0.82471, 0.41007
0.6247, 0.63841
0.45029, 0.94096
0.82721, 0.59327
0.25628, 0.87428
0.24136, 0.95762
0.38446, 0.98531
0.0129, 0.22113
0.49618, 0.62499
0.29361, 0.62769
0.92786, 0.05912
0.09197, 0.42382
0.53328, 0.66795
0.23601, 0.15143
0.58902, 0.8011
0.98289, 0.13254
0.21508, 0.15162
0.95039, 0.51534
0.55516, 0.02138
0.44448, 0.87301
0.99784, 0.40125
0.20025, 0.71384
0.30516, 0.01773
0.81339, 0.06163
0.74189, 0.43826
0.69054, 0.41519
0.46837, 0.93531
0.58555, 0.99238
0.80913, 0.60039
0.33575, 0.35994
0.77025, 0.85107
0.06057, 0.16636
0.64654, 0.67166
0.38198, 0.88599
0.46606, 0.93922
0.31743, 0.11457
0.29075, 0.45303
0.49494, 0.63301
0.33385, 0.70336
0.52505, 0.16869
0.07804, 0.01967
0.37902, 0.26918
0.76374, 0.07024
0.82407, 0.49429
0.94181, 0.6688
0.05186, 0.39358
0.85975, 0.41956
0.59234, 0.37698
0.70325, 0.51398
0.97606, 0.97472
0.5563, 0.49895
0.82781, 0.56988
0.9908, 0.4548
0.865, 0.81361
0.50527, 0.79652
0.08264, 0.2242
0.05975, 0.38711
0.09182, 0.2946
0.45451, 0.81905
0.39525, 0.06118
0.37043, 0.15376
0.24573, 0.21031
0.03832, 0.99317
0.5972, 0.04846
0.68958, 0.39795
0.26624, 0.75418
0.38258, 0.30769
0.32152, 0.49636
0.96297, 0.51088
0.23593, 0.83603
0.23809, 0.96835
0.52395, 0.30171
0.34546, 0.25698
0.3809, 0.92436
0.38462, 0.1802
0.69776, 0.62174
0.71832, 0.73712
0.38601, 0.07689
0.27168, 0.22293
0.90354, 0.74269
0.0684, 0.7046
0.04165, 0.8608
0.06891, 0.17655
0.2243, 0.57274
0.69168, 0.90899
0.54247, 0.81959
0.97124, 0.01016
0.18953, 0.33642
0.41121, 0.93196
0.76131, 0.39583
0.52939, 0.85949
0.56165, 0.82799
0.3866, 0.43618
0.14934, 0.20184
0.89217, 0.78904
0.20703, 0.82878
0.53002, 0.50328
0.00549, 0.1229
0.72652, 0.06554
0.12142, 0.43218
0.41887, 0.30395
0.19874, 0.35806
0.16327, 0.24287
0.50107, 0.3808
0.55203, 0.48418
0.5707, 0.637
0.49023, 0.51054
0.18964, 0.98627
0.36935, 0.49255
0.33821, 0.63053
0.64495, 0.41704
0.29936, 0.40977
0.22008, 0.93336
0.15772, 0.13608
0.87636, 0.33225
0.7289, 0.59511
0.22684, 0.84494
0.56756, 0.37517
0.29606, 0.19241
0.4176, 0.92585
0.7681, 0.22361
0.95494, 0.02751
0.11858, 0.52612
0.64001, 0.9424
0.45439, 0.43683
0.43955, 0.2101
0.71504, 0.86433
0.07339, 0.31791
0.34563, 0.50686
0.49175, 0.29347
0.86376, 0.56515
0.22173, 0.97303
0.91269, 0.2623
0.39063, 0.88213
0.02742, 0.78462
0.25655, 0.96739
0.25845, 0.85069
0.80991, 0.46519
0.38346, 0.95071
0.67015, 0.21496
0.98429, 0.07028
0.97875, 0.73044
0.90319, 0.01151
0.63986, 0.27423
0.60695, 0.36754
0.57693, 0.91929
0.97106, 0.86105
0.72624, 0.40106
0.6521, 0.70632
0.55688, 0.54049
0.26629, 0.56327
0.09868, 0.69582
0.65627, 0.77544
0.21972, 0.1017
0.84556, 0.23559
0.19709, 0.86496
0.60572, 0.13471
0.25765, 0.50986
0.17036, 0.35992
0.17603, 0.84126
0.95682, 0.49985
0.02091, 0.92817
0.80211, 0.32952
0.70422, 0.29233
0.91601, 0.31443
0.42964, 0.18877
0.84759, 0.72731
0.73361, 0.93971
0.24548, 0.86188
0.31992, 0.57323
0.98931, 0.6562
0.97441, 0.42034
0.6485, 0.63537
0.32436, 0.44837
0.37512, 0.5489
0.29377, 0.631
0.89765, 0.50679
0.83826, 0.09076
0.66347, 0.8776
0.1594, 0.02866
0.09756, 0.84601
0.38221, 0.144
0.07659, 0.4483
0.51687, 0.14456
0.28441, 0.44517
0.52843, 0.32811
0.9147, 0.70648
0.14301, 0.73285
0.78016, 0.04743
0.7196, 0.82919
0.41033, 0.86586
0.70483, 0.0718
0.48272, 0.30245
0.65779, 0.40598
0.05974, 0.86528
0.60662, 0.31992
0.38879, 0.21501
0.39781, 0.21954
0.56645, 0.99214
0.28894, 0.26093
0.68179, 0.22994
0.82433, 0.36268
0.26051, 0.47249
0.65251, 0.9668
0.66377, 0.49622
0.3119, 0.21983
0.84403, 0.5116
0.57379, 0.12836
0.05842, 0.4634
0.95402, 0.75759
0.80397, 0.15446
0.48461, 0.87183
0.88021, 0.65851
0.40237, 0.32579
0.25198, 0.29417
0.30762, 0.16292
0.9086, 0.95582
0.97104, 0.39845
0.56111, 0.69104
0.13312, 0.97483
0.89436, 0.27226
0.44262, 0.61975
0.10758, 0.34092
0.21893, 0.90186
0.79498, 0.94522
0.47029, 0.15553
0.2453, 0.91916
0.05426, 0.84243
0.22442, 0.95772
0.85757, 0.28394
0.3561, 0.94451
0.45135, 0.20502
0.98796, 0.71208
0.38259, 0.80523
0.54965, 0.49377
0.04597, 0.49236
0.97162, 0.19323
0.16743, 0.92857
0.59163, 0.0722
0.66484, 0.87036
0.91816, 0.01235
0.47867, 0.75884
0.23827, 0.57792
0.90667, 0.11185
0.00369, 0.63963
0.48452, 0.31157
0.80605, 0.7586
0.94427, 0.48498
0.39912, 0.43605
0.91309, 0.87061
0.93263, 0.20923
0.3037, 0.95012
0.29252, 0.86339
0.07153, 0.36071
0.34476, 0.5166
0.82953, 0.09783
0.1731, 0.2028
0.41217, 0.42778
0.91747, 0.30022
0.41998, 0.76224
0.86462, 0.24292
0.43518, 0.96362
0.23776, 0.54112
0.43028, 0.06604
0.38327, 0.49494
0.79332, 0.54835
0.55292, 0.43891
0.0994, 0.39811
0.19872, 0.92389
0.76105, 0.21614
0.2109, 0.12024
0.84588, 0.28394
0.1943, 0.60946
0.44481, 0.62958
0.448, 0.1002
0.1991, 0.70491
0.02292, 0.88739
0.84534, 0.55856
0.15648, 0.43328
0.09258, 0.15717
0.09238, 0.28397
0.50595, 0.36227
0.20642, 0.22329
0.20562, 0.78746
0.4225, 0.97219
0.32566, 0.26794
0.21871, 0.08749
0.37296, 0.54215
0.5492, 0.0139
0.29622, 0.52254
0.3738, 0.07735
0.92086, 0.89744
0.3991, 0.14555
0.88658, 0.16589
0.34505, 0.22427
0.9219, 0.77974
0.26187, 0.42667
0.11311, 0.19272
0.00852, 0.11511
0.08403, 0.40233
0.99975, 0.18274
0.3815, 0.50356
0.25599, 0.41998
0.31676, 0.28801
0.34977, 0.92996
0.46397, 0.00452
0.10651, 0.65207
0.87771, 0.32686
0.98809, 0.10216
0.95789, 0.49145
0.14075, 0.66058
0.90708, 0.34734
0.73701, 0.32094
0.58554, 0.49549
0.74892, 0.7984
0.19107, 0.24524
0.94264, 0.97098
0.98078, 0.79556
0.06056, 0.83982
0.97882, 0.90079
0.03168, 0.68066
0.17442, 0.52881
0.18431, 0.57388
0.77705, 0.88005
0.58928, 0.24084
0.18263, 0.01819
0.7286, 0.2968
0.90247, 0.88393
0.38663, 0.95242
0.57664, 0.54709
0.16524, 0.1003
0.92065, 0.61283
0.3627, 0.60647
0.02418, 0.10482
0.91456, 0.26252
0.23914, 0.87755
0.85616, 0.4815
0.75732, 0.76475
0.39862, 0.21473
0.97518, 0.07751
0.8035, 0.59515
0.33177, 0.88866
0.08385, 0.92463
0.80468, 0.16432
0.15716, 0.57594
0.86727, 0.27093
0.77524, 0.64395
0.03016, 0.75415
0.23434, 0.37602
0.10053, 0.54996
0.32612, 0.98705
0.75724, 0.39829
0.75373, 0.6472
0.81632, 0.47192
0.76517, 0.86829
0.12268, 0.73867
0.12337, 0.64151
0.39063, 0.86695
0.94638, 0.18019
0.97502, 0.26257
0.78137, 0.97043
0.76035, 0.28438
0.37018, 0.51628
0.7373, 0.28647
0.34047, 0.88746
0.65756, 0.47695
0.54651, 0.221
0.12818, 0.91104
0.50744, 0.75247
0.88404, 0.77733
0.95456, 0.20404
0.58675, 0.25653
0.55521, 0.01567
0.54603, 0.96775
0.31002, 0.73859
0.28877, 0.30384
0.19748, 0.88653
0.60145, 0.11184
0.89758, 0.14236
0.39354, 0.77209
0.62921, 0.10013
0.16215, 0.02213
0.86342, 0.38451
0.56487, 0.00965
0.23029, 0.81101
0.14921, 0.12032
0.97262, 0.5865
0.6831, 0.06646
0.41625, 0.32819
0.78445, 0.43192
0.71209, 0.42524
0.42576, 0.31071
0.3852, 0.13087
0.06734, 0.67177
0.23162, 0.52206
0.58727, 0.32563
0.03027, 0.79045
0.69914, 0.99315
0.21077, 0.71653
0.1726, 0.32058
0.29513, 0.5691
0.26352, 0.23707
0.64226, 0.77833
0.0666, 0.24499
0.35858, 0.9738
0.66639, 0.02588
0.14638, 0.922
0.87216, 0.01213
0.81375, 0.59579
0.55657, 0.59846
0.10532, 0.79418
0.15756, 0.56693
0.77821, 0.63957
0.4788, 0.10564
0.57489, 0.97276
0.29564, 0.92038
0.05442, 0.59331
0.0024, 0.5635
0.80692, 0.7665
0.13384, 0.26831
0.02777, 0.3347
0.26404, 0.11855
0.42458, 0.42457
0.76847, 0.65881
0.43274, 0.22347
0.66851, 0.2358
0.09322, 0.97137
0.61437, 0.35769
0.7939, 0.68065
0.18399, 0.94538
0.07912, 0.59479
0.17942, 0.69927
0.20721, 0.3027
0.20629, 0.43366
0.24989, 0.77516
0.73125, 0.88889
0.48067, 0.46709
0.18589, 0.48082
0.34736, 0.11475
0.04801, 0.23672
0.52875, 0.01572
0.58267, 0.06639
0.32355, 0.75397
0.36829, 0.61954
0.59534, 0.79986
0.94007, 0.21988
0.65667, 0.43311
0.65429, 0.1541
0.14279, 0.0748
0.18113, 0.58803
0.22974, 0.10921
0.79153, 0.53095
0.67297, 0.54805
0.38197, 0.42465
0.4286, 0.3749
0.48959, 0.38044
0.44567, 0.08992
0.45259, 0.92499
0.28012, 0.48043
0.80732, 0.18544
0.7384, 0.70345
0.80018, 0.73635
0.4676, 0.18456
0.07687, 0.31114
0.78396, 0.81412
0.88626, 0.81591
0.00166, 0.23462
0.28282, 0.70547
0.42874, 0.75771
0.44732, 0.59426
0.93263, 0.69306
0.74713, 0.28326
0.77491, 0.99979
0.96172, 0.91584
0.57036, 0.08851
0.55888, 0.35766
0.76969, 0.24463
0.36603, 0.15139
0.41932, 0.8761
0.4232, 0.72198
0.9993, 0.43132
0.33601, 0.83079
0.88085, 0.56969
0.09322, 0.88751
0.27944, 0.742
0.25781, 0.16385
0.85002, 0.94241
0.31284, 0.07091
0.41648, 0.34041
0.72905, 0.90359
0.83626, 0.40227
0.31177, 0.17984
0.32486, 0.36839
0.19949, 0.3711
0.01945, 0.72744
0.95668, 0.31272
0.30887, 0.99363
0.03547, 0.26059
0.11995, 0.20617
0.86449, 0.43535
0.22793, 0.42378
0.89854, 0.46735
0.17376, 0.01365
0.59184, 0.25237
0.59958, 0.18485
0.51186, 0.2493
0.50523, 0.72626
0.61737, 0.49045
0.47059, 0.96225
0.51122, 0.69983
0.89509, 0.16497
0.9077, 0.6052
0.12126, 0.53508
0.26342, 0.40473
0.51163, 0.2304
0.63242, 0.17871
0.90495, 0.43744
0.53475, 0.43306
0.37394, 0.18974
0.80969, 0.86681
0.69006, 0.7773
0.11853, 0.59367
0.33645, 0.27815
0.67152, 0.82564
0.60362, 0.82808
0.94287, 0.92816
0.31505, 0.97229
0.37413, 0.0572
0.82448, 0.80677
0.56999, 0.13325
0.19017, 0.62399
0.41026, 0.11839
0.39657, 0.24837
0.55341, 0.65377
0.72745, 0.8552
0.49295, 0.29118
0.23844, 0.92606
0.42337, 0.19603
0.15636, 0.01889
0.87984, 0.64757
0.48519, 0.96253
0.93899, 0.76787
0.23988, 0.15339
0.64417, 0.81664
0.2974, 0.49689
0.11116, 0.36368
0.82469, 0.06862
0.60662, 0.18514
0.0423, 0.8795
0.77438, 0.37524
0.74261, 0.03423
0.64539, 0.11836
0.93146, 0.02288
0.94962, 0.45656
0.63622, 0.55861
0.34225, 0.08389
0.74364, 0.3088
0.99449, 0.4924
0.62863, 0.07273
0.48597, 0.04672
0.84965, 0.30246
0.34609, 0.67412
0.6526, 0.36369
0.40976, 0.00263
0.48678, 0.67413
0.55298, 0.75472
0.50116, 0.56943
0.31712, 0.69447
0.58096, 0.94394
0.30501, 0.80748
0.60054, 0.49102
0.30551, 0.44581
0.08419, 0.51211
0.92531, 0.79479
0.30067, 0.1131
0.17226, 0.93691
0.6233, 0.18539
0.51553, 0.99213
0.39751, 0.26536
0.55418, 0.15889
0.49793, 0.56402
0.10534, 0.12617
0.11319, 0.49402
0.51746, 0.73196
0.58962, 0.47944
0.53257, 0.3869
0.71703, 0.06549
0.00629, 0.21994
0.92989, 0.70559
0.9804, 0.91177
0.77763, 0.10303
0.66445, 0.56178
0.40108, 0.16902
0.13765, 0.898
0.78354, 0.12062
0.72162, 0.42443
0.54133, 0.17793
0.79526, 0.94854
0.50428, 0.33935
0.83042, 0.84489
0.34737, 0.57944
0.0712, 0.92887
0.95064, 0.16041
0.17426, 0.85059
0.53381, 0.40773
0.89668, 0.25049
0.88629, 0.91258
0.58786, 0.10418
0.2641, 0.2874
0.20676, 0.88901
0.39905, 0.62911
0.23306, 0.79434
0.81303, 0.27203
0.85906, 0.58062
0.70189, 0.26647
0.35136, 0.82274
0.4143, 0.11309
0.113, 0.32734
0.35165, 0.22192
0.74757, 0.65306
0.96582, 0.15291
0.72943, 0.9191
0.45609, 0.77231
0.72637, 0.10303
0.18508, 0.96659
0.12315, 0.24814
0.93365, 0.9173
0.85802, 0.95933
0.83379, 0.8321
0.19549, 0.88773
0.70766, 0.37966
0.50944, 0.75493
0.50545, 0.62192
0.679, 0.88246
0.32091, 0.55575
0.41109, 0.00717
0.46292, 0.30231
0.8988, 0.87809
0.80137, 0.31484
0.55289, 0.41869
0.51218, 0.79484
0.18707, 0.85628
0.88334, 0.40824
0.69964, 0.18141
0.34547, 0.94435
0.04421, 0.52634
0.10791, 0.09862
0.07812, 0.73876
0.29233, 0.84048
0.22494, 0.22857
0.43303, 0.10904
0.30291, 0.00716
0.60813, 0.11589
0.33675, 0.18825
0.27932, 0.82853
0.59006, 0.64843
0.03058, 0.85627
0.32003, 0.70613
0.43126, 0.83909
0.1592, 0.25481
0.30399, 0.60877
0.03725, 0.80086
0.90442, 0.12105
0.8889, 0.53571
0.00231, 0.3867
0.40908, 0.44916
0.57013, 0.7359
0.23864, 0.32042
0.10969, 0.65513
0.70934, 0.83641
0.38277, 0.04751
0.72149, 0.22007
0.10624, 0.87513
0.81288, 0.69407
0.46733, 0.68692
0.85233, 0.80837
0.63055, 0.33943
0.60627, 0.79661
0.65663, 0.52938
0.62243, 0.84675
0.4786, 0.22841
0.68412, 0.48769
0.30936, 0.77011
0.16455, 0.70526
0.46934, 0.37842
0.49558, 0.54112
0.95591, 0.85689
0.97645, 0.37118
0.64468, 0.53514
0.79595, 0.52058
0.85678, 0.53996
0.73704, 0.21922
0.78794, 0.95906
0.3877, 0.42205
0.81732, 0.88532
0.54152, 0.50721
0.87946, 0.92503
0.72993, 0.62283
0.34773, 0.45628
0.27323, 0.02292
0.87836, 0.99328
0.57374, 0.12249
0.48661, 0.03206
0.74856, 0.36973
0.1325, 0.23329
0.38425, 0.75779
0.99726, 0.41253
0.59102, 0.16314
0.47484, 0.65837
0.331, 0.42045
0.19034, 0.56491
0.70793, 0.92451
0.94511, 0.11635
0.40409, 0.87579
0.91837, 0.75192
0.65801, 0.0461
0.30398, 0.33987
0.23036, 0.56481
0.81667, 0.49125
0.13658, 0.80022
0.98853, 0.11824
0.44379, 0.12922
0.63178, 0.73039
0.3826, 0.86154
0.33832, 0.23845
0.30767, 0.68722
0.05148, 0.71891
0.50019, 0.59231
0.23036, 0.31565
0.37495, 0.33111
0.05285, 0.73501
0.42821, 0.08525
0.22808, 0.21132
0.98146, 0.83632
0.9677, 0.84986
0.74874, 0.94711
0.12297, 0.21577
0.4546, 0.13552
0.77714, 0.0631
0.65074, 0.47385
0.3275, 0.97756
0.33179, 0.23776
0.59499, 0.70734
0.37719, 0.85687
0.52592, 0.32899
0.16129, 0.12998
0.59427, 0.12699
0.85348, 0.03403
0.65999, 0.96918
0.4828, 0.74541
0.1313, 0.57734
0.99373, 0.02131
0.6418, 0.35941
0.65435, 0.86049
0.90257, 0.35162
0.43066, 0.18692
0.8737, 0.08527
0.64634, 0.4611
0.41179, 0.03421
0.23578, 0.90698
0.70472, 0.51719
0.39825, 0.09288
0.60158, 0.20908
0.09393, 0.63959
0.99692, 0.34453
0.60317, 0.36803
0.96964, 0.25446
0.94218, 0.39564
0.04938, 0.57384
0.99291, 0.99034
0.14586, 0.92104
0.86353, 0.96383
0.38798, 0.28568
0.20758, 0.25334
0.54122, 0.82314
0.80439, 0.71437
0.0952, 0.74995
0.75199, 0.58186
0.69708, 0.76089
0.46275, 0.52744
0.49675, 0.491
0.73946, 0.66082
0.84024, 0.79468
0.15748, 0.20024
0.8507, 0.5882
0.70074, 0.58673
0.495, 0.23726
0.20954, 0.19595
0.65633, 0.85665
0.07085, 0.84248
0.78342, 0.55831
0.53757, 0.82859
0.25803, 0.21361
0.39491, 0.83671
0.9392, 0.95975
0.99357, 0.13697
0.91695, 0.26235
0.24008, 0.55147
0.08699, 0.14694
0.77978, 0.04684
0.68582, 0.38336
0.38983, 0.47804
0.01629, 0.59733
0.6337, 0.5336
0.90965, 0.26772
0.5408, 0.15547
0.08414, 0.4062
0.5032, 0.73026
0.18808, 0.40129
0.8444, 0.11437
0.46194, 0.43423
0.5157, 0.65109
0.30111, 0.6742
0.69969, 0.75078
0.7677, 0.15934
0.26833, 0.68298
0.42339, 0.79302
0.34828, 0.63732
0.89673, 0.89445
0.51575, 0.82862
0.88544, 0.49046
0.41209, 0.60987
0.3818, 0.50523
0.82617, 0.26329
0.90912, 0.62763
0.18303, 0.55026
0.28158, 0.59702
0.31284, 0.50318
0.08882, 0.70254
0.44375, 0.39287
0.84779, 0.97307
0.25123, 0.4543
0.45422, 0.75543
0.66482, 0.35527
0.45979, 0.83093
0.06385, 0.04825
0.91646, 0.65716
0.32698, 0.38844
0.38763, 0.64825
0.21766, 0.63405
0.47384, 0.10677
0.62102, 0.51654
0.76696, 0.88089
0.16995, 0.47884
0.55735, 0.62099
0.11868, 0.92996
0.79163, 0.11239
0.39554, 0.13576
0.80451, 0.36303
0.19757, 0.33837
0.23924, 0.5202
0.22774, 0.29792
0.79643, 0.70008
0.9369, 0.60802
0.44292, 0.79196
0.73966, 0.52944
0.03722, 0.41444
0.9977, 0.73216
0.35508, 0.52571
0.13944, 0.49389
0.37829, 0.61314
0.99906, 0.91399
0.07052, 0.06733
0.54552, 0.27043
0.56142, 0.87896
0.26631, 0.01196
0.63281, 0.26974
0.84225, 0.96849
0.69573, 0.1898
0.54269, 0.04505
0.20772, 0.61724
0.32523, 0.70266
0.33275, 0.03345
0.48763, 0.90845
0.70816, 0.5628
0.96857, 0.37007
0.04159, 0.29992
0.81385, 0.06484
0.00409, 0.43662
0.25932, 0.59462
0.86384, 0.04683
0.77861, 0.12144
0.26233, 0.18273
0.75774, 0.04741
0.41757, 0.85927
0.03715, 0.0119
0.41154, 0.74837
0.59812, 0.18269
0.13808, 0.28974
0.11402, 0.82047
0.1873, 0.65433
0.09699, 0.02029
0.56024, 0.09093
0.42564, 0.10987
0.85693, 0.20578
0.58629, 0.06338
0.97822, 0.75543
0.98561, 0.48215
0.36957, 0.06198
0.88394, 0.15708
0.29744, 0.25239
0.58036, 0.91089
0.40742, 0.15559
0.8411, 0.01534
0.98087, 0.08395
0.3941, 0.93295
0.17742, 0.19863
0.65194, 0.67054
0.67773, 0.50966
0.82767, 0.84712
0.6024, 0.83356
0.70008, 0.00195
0.96274, 0.44942
0.78875, 0.68635
0.37175, 0.46335
0.08335, 0.69717
0.79588, 0.76518
0.33192, 0.04158
0.83505, 0.16467
0.37259, 0.56617
0.99798, 0.3007
0.95026, 0.06289
0.10016, 0.79099
0.31698, 0.3738
0.85143, 0.41841
0.11135, 0.62285
0.0129, 0.31598
0.22829, 0.94175
0.44331, 0.78055
0.77903, 0.95671
0.61508, 0.90694
0.55759, 0.03166
0.43789, 0.38856
0.38334, 0.94395
0.4021, 0.56471
0.38519, 0.32371
0.62943, 0.17998
0.14837, 0.29838
0.85175, 0.76039
0.07511, 0.87453
0.09377, 0.61516
0.45974, 0.94139
0.65004, 0.40152
0.54257, 0.79242
0.01256, 0.76934
0.32862, 0.05522
0.61714, 0.10564
0.33944, 0.97123
0.01173, 0.31087
0.04604, 0.95641
0.56597, 0.19441
0.15276, 0.26558
0.58134, 0.84947
0.73448, 0.32081
0.29259, 0.96023
0.27749, 0.37534
0.72801, 0.86559
0.72144, 0.29673
0.36593, 0.49988
0.34772, 0.87248
0.84013, 0.81882
0.3398, 0.45055
0.71992, 0.04097
0.83805, 0.79204
0.74138, 0.92064
0.77493, 0.35135
0.99871, 0.15618
0.12766, 0.82942
0.6217, 0.09921
0.19953, 0.05579
0.26247, 0.84621
0.74689, 0.97118
0.04769, 0.84314
0.8453, 0.17804
0.10873, 0.74198
0.2771, 0.08693
0.42372, 0.36583
0.36826, 0.98169
0.17326, 0.53687
0.28747, 0.71855
0.53602, 0.58295
0.01997, 0.26584
0.80435, 0.53755
0.52874, 0.8993
0.56283, 0.28377
0.08048, 0.49624
0.43301, 0.71472
0.10096, 0.36176
0.19923, 0.17541
0.87777, 0.42359
0.61853, 0.60866
0.65812, 0.029
0.00399, 0.43745
0.59802, 0.62266
0.75488, 0.8248
0.23908, 0.24272
0.36063, 0.73964
0.05714, 0.10501
0.02515, 0.3699
0.04443, 0.04206
0.57837, 0.33356
0.10127, 0.5404
0.37754, 0.82648
0.50293, 0.08042
0.93842, 0.11536
0.99255, 0.92334
0.75784, 0.70601
0.03205, 0.16176
0.62191, 0.65689
0.45079, 0.56071
0.1796, 0.83756
0.33604, 0.03659
0.2237, 0.01459
0.13832, 0.7761
0.4812, 0.48422
0.44827, 0.77927
0.99309, 0.4232
0.02333, 0.8231
0.89372, 0.98592
0.85885, 0.94166
0.71977, 0.53662
0.32375, 0.93745
0.28993, 0.97576
0.24241, 0.69089
0.77783, 0.403
0.62893, 0.6938
0.70553, 0.32759
0.00155, 0.25883
0.0611, 0.0247
0.28545, 0.36423
0.71363, 0.8245
0.59169, 0.20205
0.34903, 0.87657
0.21743, 0.95325
0.39166, 0.27861
0.84295, 0.15469
0.10124, 0.65415
0.22409, 0.20534
0.99356, 0.45891
0.03558, 0.93107
0.65074, 0.93276
0.61754, 0.12247
0.26098, 0.53521
0.7465, 0.54215
0.56238, 0.75064
0.37449, 0.13905
0.20872, 0.07455
0.66034, 0.64511
0.05906, 0.85086
0.31204, 0.33092
0.63074, 0.87122
0.50351, 0.44223
0.87338, 0.74739
0.83593, 0.60261
0.81473, 0.5593
0.30376, 0.16609
0.2474, 0.81565
0.2809, 0.22453
0.84238, 0.55032
0.22674, 0.62639
0.29334, 0.59781
0.75173, 0.7634
0.43238, 0.68923
0.30496, 0.44972
0.90244, 0.72994
0.8838, 0.98953
0.79577, 0.75728
0.42019, 0.68034
0.96639, 0.96342
0.69489, 0.53557
0.74282, 0.41506
0.69311, 0.99183
0.30642, 0.49811
0.69623, 0.26158
0.31836, 0.39905
0.76572, 0.8895
0.75855, 0.37061
0.79568, 0.42519
0.98277, 0.36991
0.44091, 0.97691
0.29519, 0.33696
0.27332, 0.07928
0.17518, 0.77235
0.40472, 0.71633
0.50366, 0.30068
0.87432, 0.71724
0.90784, 0.19254
0.11806, 0.07194
0.26367, 0.29476
0.74648, 0.34827
0.76785, 0.80775
0.35956, 0.62891
0.65941, 0.12575
0.85576, 0.37981
0.51493, 0.91128
0.21109, 0.5002
0.92532, 0.74766
0.65267, 0.00941
0.75361, 0.66791
0.05809, 0.4792
0.94865, 0.85564
0.14175, 0.65251
0.4249, 0.4255
0.965, 0.47042
0.64675, 0.24933
0.03578, 0.47116
0.00637, 0.92194
0.71344, 0.60531
0.61502, 0.61616
0.77511, 0.5034
0.20271, 0.75969
0.79756, 0.04402
0.13075, 0.34043
0.40039, 0.15811
0.65187, 0.36014
0.12369, 0.84239
0.3177, 0.25538
0.67614, 0.75943
0.57616, 0.57438
0.04529, 0.31304
0.48378, 0.6226
0.34346, 0.25114
0.74874, 0.59378
0.06329, 0.21448
0.70873, 0.98525
0.0484, 0.8516
0.22613, 0.19168
0.54239, 0.58458
0.12586, 0.10553
0.68584, 0.52949
0.7791, 0.19459
0.77714, 0.18161
0.64798, 0.37466
0.92669, 0.04603
0.44863, 0.85163
0.32983, 0.6273
0.06322, 0.92003
0.89251, 0.80927
0.40948, 0.53099
0.67201, 0.91628
0.78764, 0.81248
0.8722, 0.18623
0.9917, 0.20503
0.63129, 0.1523
0.61483, 0.72952
0.89475, 0.91096
0.54973, 0.5047
0.5824, 0.91046
0.31407, 0.34337
0.70615, 0.4212
0.1035, 0.25593
0.68786, 0.0777
0.91632, 0.79451
0.21164, 0.03397
0.61191, 0.57379
0.90374, 0.01825
0.83897, 0.4406
0.73856, 0.726
0.34322, 0.21587
0.368, 0.73745
0.01709, 0.58206
0.82087, 0.7542
0.35566, 0.38607
0.03959, 0.56635
0.84473, 0.56605
0.22178, 0.22619
0.84563, 0.28435
0.4842, 0.72842
0.47199, 0.07573
0.67962, 0.44101
0.99529, 0.79984
0.43316, 0.86303
0.97036, 0.48071
0.74668, 0.88787
0.06385, 0.52415
0.98664, 0.48215
0.54915, 0.71622
0.4022, 0.25276
0.09611, 0.48899
0.21014, 0.67571
0.63362, 0.03704
0.76181, 0.02341
0.69719, 0.02856
0.82722, 0.11688
0.63043, 0.10709
0.45678, 0.45278
0.11381, 0.53662
0.31992, 0.91599
0.72832, 0.03239
0.34426, 0.92063
0.46567, 0.84848
0.13518, 0.8754
0.73131, 0.44064
0.26788, 0.89116
0.63429, 0.6144
0.3102, 0.92792
0.66994, 0.50246
0.61638, 0.83519
0.50365, 0.26905
0.70414, 0.84852
0.28369, 0.01941
0.18985, 0.63042
0.26305, 0.26184
0.05142, 0.0579
0.07347, 0.91154
0.80853, 0.23523
0.08172, 0.40943
0.0103, 0.2916
0.30912, 0.65594
0.24264, 0.2473
0.53731, 0.12026
0.8127, 0.64338
0.14387, 0.25194
0.2886, 0.28515
0.01929, 0.21965
0.61196, 0.24547
0.00921, 0.33267
0.94415, 0.33676
0.08934, 0.32115
0.87893, 0.80065
0.30456, 0.79098
0.543, 0.70558
0.77205, 0.74047
0.84977, 0.56249
0.57644, 0.53925
0.66264, 0.19101
0.29285, 0.82341
0.90816, 0.27182
0.20383, 0.4989
0.15054, 0.46986
0.5448, 0.47122
0.30066, 0.023
0.4304, 0.01854
0.16076, 0.38436
0.41138, 0.21978
0.92732, 0.73672
0.00451, 0.32586
0.48508, 0.59754
0.99207, 0.14769
0.1927, 0.39297
0.49658, 0.56378
0.05058, 0.72213
0.62982, 0.25326
0.36826, 0.12598
0.29019, 0.22875
0.68334, 0.57582
0.39136, 0.13213
0.51332, 0.1217
0.82627, 0.35854
0.02173, 0.17727
0.63519, 0.56893
0.4578, 0.94535
0.93547, 0.09006
0.57011, 0.70347
0.33076, 0.15826
0.67544, 0.17256
0.66776, 0.10865
0.3329, 0.9697
0.83735, 0.35195
0.60813, 0.20977
0.54481, 0.65427
0.60679, 0.14111
0.21057, 0.56064
0.28562, 0.17408
0.81002, 0.43391
0.79799, 0.61125
0.65586, 0.63786
0.45937, 0.01183
0.92551, 0.02249
0.19839, 0.15886
0.68405, 0.58964
0.7146, 0.65844
0.9275, 0.51676
0.09672, 0.79833
0.68253, 0.61472
0.81215, 0.97308
0.04136, 0.46095
0.39682, 0.15596
0.31524, 0.06665
0.47773, 0.91516
0.93828, 0.26969
0.29794, 0.13824
0.59082, 0.54513
0.41285, 0.63127
0.17909, 0.53667
0.54223, 0.13938
0.87308, 0.1751
0.89872, 0.9031
0.85739, 0.15216
0.52991, 0.93227
0.71709, 0.55244
0.7157, 0.7339
0.44464, 0.65693
0.95542, 0.99627
0.44641, 0.77263
0.84793, 0.68865
0.17693, 0.25641
0.03823, 0.93156
0.94393, 0.97307
0.16203, 0.31442
0.14015, 0.34218
0.93771, 0.60933
0.70372, 0.27024
0.44338, 0.86545
0.46923, 0.62825
0.76275, 0.13224
0.47226, 0.61449
0.92046, 0.90456
0.73784, 0.34285
0.61441, 0.44884
0.05118, 0.14131
0.4981, 0.47338
0.62741, 0.62052
0.82075, 0.21041
0.51241, 0.20625
0.4188, 0.14
0.44613, 0.95675
0.51291, 0.92755
0.67913, 0.22987
0.76195, 0.9665
0.56138, 0.30489
0.39907, 0.05882
0.64797, 0.02423
0.61186, 0.76876
0.4298, 0.74975
0.39378, 0.76117
0.71647, 0.88539
0.57907, 0.91918
0.61416, 0.79914
0.70378, 0.46918
0.24162, 0.74258
0.85605, 0.79267
0.79466, 0.81949
0.66755, 0.73295
0.79511, 0.1945
0.2046, 0.3724
0.60522, 0.11477
0.3407, 0.65127
0.62149, 0.67637
0.33507, 0.56141
0.46964, 0.46024
0.97965, 0.72411
0.51376, 0.85529
0.83623, 0.43104
0.60932, 0.20763
0.37522, 0.48947
0.23333, 0.62441
0.94105, 0.18043
0.68973, 0.42044
0.02023, 0.979
0.8131, 0.7915
0.36175, 0.15593
0.60325, 0.45784
0.85053, 0.64078
0.65156, 0.81991
0.28798, 0.3408
0.89169, 0.74297
0.5304, 0.02093
0.88014, 0.21661
0.31147, 0.34317
0.56952, 0.64974
0.73926, 0.57268
0.09544, 0.94444
0.02042, 0.93198
0.98508, 0.95965
0.00666, 0.8799
0.64642, 0.82665
0.04567, 0.09859
0.79149, 0.592
0.34544, 0.36766
0.17974, 0.76567
0.78104, 0.18895
0.12579, 0.51427
0.95809, 0.10567
0.94812, 0.66451
0.36303, 0.67594
0.76061, 0.44104
0.12033, 0.75329
0.09609, 0.12403
0.27594, 0.07219
0.45244, 0.14188
0.77492, 0.17201
0.20173, 0.30344
0.11142, 0.92183
0.11769, 0.43382
0.03135, 0.43483
0.07458, 0.05338
0.1509, 0.62996
0.60178, 0.95061
0.78209, 0.78497
0.78332, 0.95118
0.27871, 0.17173
0.06795, 0.79957
0.26806, 0.38875
0.59284, 0.44075
0.57873, 0.43886
0.90225, 0.2997
0.78073, 0.55232
0.18468, 0.48366
0.8447, 0.99471
0.86004, 0.52956
0.06669, 0.52451
0.4069, 0.70583
0.62144, 0.19669
0.08229, 0.63492
0.32306, 0.27851
0.53077, 0.56961
0.99163, 0.28102
0.15295, 0.45075
0.63871, 0.66098
0.44447, 0.2555
0.31223, 0.52474
0.60857, 0.00463
0.68989, 0.9218
0.05637, 0.91049
0.98301, 0.33059
0.66772, 0.0841
0.38497, 0.77817
0.30692, 0.96601
0.65876, 0.1818
0.47766, 0.22963
0.91038, 0.79174
0.58434, 0.91553
0.32417, 0.22585
0.44097, 0.65427
0.00703, 0.44244
0.17158, 0.44554
0.80765, 0.995
0.16385, 0.29819
0.79924, 0.08799
0.14788, 0.20802
0.78331, 0.49678
0.99761, 0.29327
0.25076, 0.92675
0.20648, 0.13025
0.73972, 0.80788
0.91239, 0.55464
0.53411, 0.47605
0.29885, 0.77029
0.05364, 0.61618
0.72664, 0.88089
0.53711, 0.32973
0.90867, 0.09184
0.59773, 0.36202
0.28684, 0.88255
0.10825, 0.57449
0.16661, 0.43606
0.91463, 0.31598
0.38761, 0.60631
0.68366, 0.32321
0.08549, 0.92197
0.47922, 0.59405
0.28479, 0.04685
0.36744, 0.36564
0.36584, 0.36533
0.37296, 0.79873
0.28156, 0.52046
0.07436, 0.35469
0.37493, 0.0574
0.86889, 0.66023
0.25945, 0.32809
0.31655, 0.99335
0.17516, 0.69301
0.65716, 0.13974
0.0139, 0.80271
0.43397, 0.58165
0.75339, 0.76573
0.0423, 0.41913
0.81952, 0.43952
0.90803, 0.72009
0.46471, 0.54131
0.95413, 0.22726
0.15457, 0.86883
0.51389, 0.28699
0.26198, 0.29744
0.74565, 0.88083
0.35392, 0.13236
0.41609, 0.47065
0.13361, 0.53114
0.67691, 0.99212
0.54056, 0.04493
0.62599, 0.31338
0.87564, 0.16599
0.09865, 0.25027
0.63781, 0.55434
0.91378, 0.49758
0.77171, 0.10696
0.38519, 0.24446
0.83279, 0.73341
0.7145, 0.56525
0.28693, 0.54987
0.66369, 0.98439
0.7208, 0.51228
0.79184, 0.08545
0.85519, 0.51273
0.96714, 0.88785
0.94766, 0.6893
0.4127, 0.0468
0.46324, 0.48881
0.35303, 0.78909
0.56216, 0.85074
0.98375, 0.87321
0.01816, 0.99799
0.86803, 0.56394
0.45711, 0.38369
0.60452, 0.27907
0.3302, 0.63788
0.19423, 0.92397
0.76646, 0.0067
0.1418, 0.82344
0.29457, 0.36215
0.4148, 0.67845
0.67523, 0.70959
0.04508, 0.4336
0.10582, 0.87996
0.2964, 0.93983
0.90027, 0.85505
0.8073, 0.5843
0.99202, 0.7119
0.23761, 0.9968
0.88613, 0.80598
0.70692, 0.22129
0.41433, 0.03004
0.02088, 0.33452
0.88193, 0.01432
0.64732, 0.00199
0.1016, 0.74449
0.56592, 0.33761
0.32842, 0.33169
0.98006, 0.73977
0.54617, 0.51411
0.3555, 0.92177
0.26697, 0.24573
0.03708, 0.10599
0.23491, 0.8193
0.01836, 0.46434
0.90918, 0.13778
0.12055, 0.81156
0.65848, 0.5392
0.1412, 0.51605
0.89143, 0.09997
0.02846, 0.6332
0.79792, 0.10403
0.99839, 0.22666
0.83272, 0.09271
0.96381, 0.79453
0.20449, 0.5255
0.55706, 0.37245
0.92699, 0.8249
0.92929, 0.2221
0.65883, 0.53624
0.47796, 0.91532
0.29674, 0.53825
0.89793, 0.35417
0.48057, 0.56097
0.43306, 0.75791
0.30345, 0.28456
0.84177, 0.67369
0.66307, 0.6498
0.61904, 0.67073
0.77083, 0.6454
0.71376, 0.38954
0.04694, 0.66334
0.9675, 0.52254
0.09565, 0.05274
0.23724, 0.22499
0.14235, 0.37687
0.1407, 0.02763
0.01438, 0.64106
0.3244, 0.0329
0.6098, 0.12942
0.44358, 0.8596
0.69751, 0.92673
0.3926, 0.54585
0.27248, 0.87382
0.22045, 0.15641
0.73011, 0.65542
0.41542, 0.38921
0.33692, 0.52528
0.79674, 0.17295
0.22454, 0.28791
0.40952, 0.65458
0.2918, 0.46034
0.63166, 0.35101
0.01238, 0.24285
0.33158, 0.61702
0.82839, 0.60079
0.7347, 0.25175
0.19926, 0.65379
0.23442, 0.59718
0.08461, 0.15101
0.19268, 0.34616
0.97342, 0.82721
0.52462, 0.73091
0.98777, 0.75494
0.27734, 0.59386
0.06564, 0.80492
0.26648, 0.16205
0.83379, 0.58037
0.00071, 0.20055
0.84347, 0.58876
0.81391, 0.44498
0.02217, 0.72024
0.27217, 0.56267
0.9901, 0.7944
0.37895, 0.44256
0.93525, 0.4852
0.13862, 0.93426
0.2892, 0.25048
0.96023, 0.0196
0.38694, 0.65784
0.64938, 0.29258
0.44337, 0.72369
0.3977, 0.0365
0.99797, 0.67356
0.10692, 0.21252
0.30191, 0.58828
0.13856, 0.74332
0.94225, 0.99979
0.95187, 0.62324
0.626, 0.61306
0.32182, 0.03482
0.28566, 0.74578
0.40652, 0.6114
0.42814, 0.14247
0.4667, 0.43349
0.3766, 0.19931
0.76385, 0.5841
0.03207, 0.48734
0.55494, 0.17171
0.14491, 0.25677
0.18219, 0.28326
0.23073, 0.27875
0.77635, 0.37728
0.95134, 0.17807
0.93212, 0.81725
0.03804, 0.46395
0.37264, 0.13217
0.45248, 0.7018
0.20171, 0.89274
0.5428, 0.77389
0.59596, 0.75523
0.20448, 0.69408
0.02101, 0.3137
0.49304, 0.00331
0.73459, 0.06667
0.73412, 0.92907
0.80969, 0.82025
0.33728, 0.80809
0.75967, 0.19354
0.68216, 0.08525
0.01794, 0.13428
0.85856, 0.9895
0.97597, 0.99387
0.89089, 0.39584
0.14306, 0.71705
0.3971, 0.32489
0.35689, 0.43993
0.25581, 0.88935
0.57507, 0.82563
0.39123, 0.38412
0.60882, 0.16092
0.99452, 0.67505
0.50047, 0.60252
0.57278, 0.70875
0.58431, 0.07219
0.86078, 0.25739
0.95767, 0.36069
0.00593, 0.19171
0.41088, 0.07753
0.04141, 0.75314
0.08519, 0.22151
0.44574, 0.60458
0.41478, 0.6785
0.27822, 0.58478
0.56402, 0.55169
0.39137, 0.49081
0.30574, 0.12242
0.29876, 0.47763
0.34048, 0.79252
0.95723, 0.68564
0.41633, 0.09785
0.45546, 0.77025
0.61753, 0.55229
0.96793, 0.06504
0.26924, 0.4116
0.0329, 0.32776
0.28968, 0.66223
0.19655, 0.84474
0.66476, 0.64864
0.15654, 0.75014
0.17258, 0.98798
0.10918, 0.51565
0.4121, 0.87544
0.41624, 0.75848
0.80866, 0.85007
0.62258, 0.93031
0.73955, 0.0056
0.8245, 0.72402
0.73926, 0.06929
0.05371, 0.97498
0.69647, 0.52847
0.42466, 0.39133
0.35615, 0.82494
0.04727, 0.50535
0.91563, 0.29949
0.37502, 0.75744
0.56644, 0.62657
0.24524, 0.98154
0.34471, 0.77637
0.80332, 0.56501
0.85801, 0.75695
0.81223, 0.02564
0.89272, 0.7262
0.30486, 0.32939
0.99769, 0.78112
0.58547, 0.48162
0.29424, 0.4916
0.06211, 0.0295
0.69717, 0.70009
0.64703, 0.76194
0.12519, 0.38751
0.67573, 0.56332
0.41528, 0.64937
0.26831, 0.85149
0.13923, 0.32883
0.20016, 0.04141
0.54328, 0.84957
0.79875, 0.08581
0.18234, 0.71693
0.86153, 0.00881
0.8843, 0.94369
0.34572, 0.61664
0.2343, 0.52714
0.55912, 0.1503
0.55363, 0.26581
0.17615, 0.78846
0.22565, 0.23567
0.23517, 0.59183
0.0244, 0.34998
0.87441, 0.61075
0.84185, 0.71027
0.68015, 0.7947
0.02803, 0.64614
0.89798, 0.60376
0.00618, 0.25535
0.83007, 0.31501
0.73017, 0.871
0.11546, 0.23911
0.49918, 0.57681
0.12842, 0.13622
0.73509, 0.63997
0.08819, 0.34329
0.84545, 0.94721
0.15946, 0.0531
0.69572, 0.02208
0.41742, 0.1777
0.31816, 0.72349
0.96036, 0.77003
0.72518, 0.87321
0.39057, 0.64905
0.69245, 0.97023
0.18066, 0.43859
0.34079, 0.65469
0.67852, 0.64233
0.90524, 0.0856
0.45919, 0.27798
0.07596, 0.60085
0.82598, 0.8774
0.86562, 0.76229
0.06437, 0.89386
0.87848, 0.03815
0.44405, 0.33079
0.10771, 0.19734
0.36635, 0.14384
0.98309, 0.31703
0.5185, 0.34409
0.89486, 0.92989
0.78642, 0.9641
0.3694, 0.26968
0.04979, 0.95786
0.5297, 0.3503
0.10821, 0.90174
0.58997, 0.25051
0.29193, 0.52856
0.12573, 0.49929
0.68647, 0.18714
0.40356, 0.10165
0.93356, 0.52342
0.92947, 0.23714
0.92231, 0.47808
0.34929, 0.67534
0.35117, 0.18869
0.35624, 0.93108
0.52769, 0.03326
0.34726, 0.43782
0.80702, 0.21891
0.71988, 0.61765
0.23521, 0.0759
0.70281, 0.6953
0.86097, 0.24297
0.82927, 0.65774
0.51531, 0.9264
0.3973, 0.84192
0.19428, 0.65515
0.14755, 0.10012
0.14062, 0.15122
0.26857, 0.71216
0.23628, 0.26511
0.21868, 0.34399
0.59196, 0.54162
0.47394, 0.8979
0.53455, 0.91908
0.86388, 0.06202
0.59038, 0.02914
0.14972, 0.41988
0.3077, 0.54084
0.54033, 0.18533
0.7315, 0.56682
0.39772, 0.2019
0.42221, 0.67878
0.52874, 0.1344
0.07592, 0.87808
0.75848, 0.45865
0.48389, 0.18369
0.18893, 0.64533
0.63924, 0.24622
0.38719, 0.30756
0.55491, 0.82559
0.25608, 0.74747
0.35243, 0.20645
0.91451, 0.29362
0.80547, 0.78412
0.92826, 0.75269
0.85664, 0.86691
0.27371, 0.32165
0.77043, 0.93416
0.09417, 0.06303
0.61092, 0.98798
0.23958, 0.23647
0.60245, 0.23936
0.11232, 0.55872
0.86554, 0.13323
0.86429, 0.17898
0.44864, 0.28859
0.30047, 0.57494
0.39053, 0.45468
0.34424, 0.72744
0.44951, 0.7718
0.471, 0.94616
0.89519, 0.97242
0.00569, 0.13535
0.68901, 0.751
0.16915, 0.7472
0.21283, 0.26148
0.25319, 0.96331
0.75705, 0.15044
0.7534, 0.13767
0.65318, 0.82716
0.1357, 0.16066
0.7696, 0.24376
0.82153, 0.56574
0.63391, 0.65105
0.6346, 0.61695
0.43524, 0.7118
0.9681, 0.66247
0.89801, 0.50876
0.20055, 0.86735
0.33971, 0.72781
0.10893, 0.51408
0.8732, 0.70696
0.5024, 0.68456
0.33398, 0.03745
0.32442, 0.38106
0.90391, 0.4168
0.37976, 0.55722
0.28526, 0.41769
0.97221, 0.25193
0.4621, 0.05974
0.63142, 0.49867
0.00128, 0.10022
0.33834, 0.80938
0.74606, 0.48642
0.42852, 0.16187
0.48865, 0.82204
0.55647, 0.89238
0.22352, 0.1424
0.77325, 0.5965
0.0299, 0.41344
0.07705, 0.76188
0.82205, 0.25429
0.473, 0.61031
0.17694, 0.43181
0.27203, 0.25943
0.85234, 0.56809
0.89084, 0.03447
0.97594, 0.44356
0.38122, 0.69564
0.95733, 0.429
0.42495, 0.01044
0.02189, 0.06033
0.11404, 0.2399
0.81528, 0.54026
0.67403, 0.38118
0.3958, 0.59849
0.21809, 0.29485
0.47706, 0.18434
0.58133, 0.42767
0.23269, 0.18283
0.34773, 0.95005
0.24861, 0.16108
0.13395, 0.36333
0.54084, 0.13178
0.01154, 0.99836
0.46952, 0.18181
0.44612, 0.02444
0.51245, 0.97874
0.94205, 0.94365
0.72713, 0.7065
0.84447, 0.9879
0.34971, 0.50538
0.04089, 0.65207
0.61403, 0.87624
0.92433, 0.99101
0.71308, 0.79026
0.7547, 0.37958
0.89707, 0.92938
0.54097, 0.59144
0.40329, 0.07557
0.75276, 0.14371
0.56392, 0.41847
0.04387, 0.41194
0.20447, 0.94896
0.66243, 0.559
0.9573, 0.64477
0.23276, 0.36832
0.43881, 0.36387
0.75515, 0.1689
0.53046, 0.69352
0.18509, 0.07003
0.36995, 0.51796
0.72577, 0.82247
0.91941, 0.76188
0.59257, 0.90016
0.59958, 0.10575
0.11015, 0.74542
0.5698, 0.13025
0.91563, 0.67544
0.49539, 0.85863
0.71483, 0.92517
0.86386, 0.0355
0.0393, 0.79964
0.0584, 0.41988
0.98816, 0.29094
0.50481, 0.02236
0.45192, 0.65545
0.73659, 0.58379
0.47018, 0.13501
0.7509, 0.15773
0.9577, 0.06713
0.32718, 0.91173
0.34759, 0.79485
0.10093, 0.55465
0.93689, 0.5241
0.8346, 0.28843
0.75053, 0.26331
0.05404, 0.00739
0.78149, 0.17638
0.93481, 0.80999
0.8446, 0.34396
0.0852, 0.2488
0.19733, 0.35532
0.59593, 0.51731
0.27001, 0.80676
0.67634, 0.34257
0.48058, 0.47165
0.89473, 0.99761
0.23818, 0.14629
0.24739, 0.90628
0.7351, 0.85785
0.0369, 0.90538
0.66047, 0.08284
0.03307, 0.92735
0.94461, 0.59928
0.27902, 0.96851
0.06336, 0.97125
0.07153, 0.45751
0.34144, 0.66085
0.23945, 0.44388
0.44666, 0.8732
0.5757, 0.98948
0.89601, 0.12497
0.29564, 0.43766
0.5216, 0.3182
0.07679, 0.1287
0.45169, 0.65615
0.56144, 0.7016
0.59555, 0.97128
0.40779, 0.09807
0.41946, 0.3185
0.3586, 0.50159
0.35661, 0.52428
0.89543, 0.23791
0.23884, 0.82142
0.85722, 0.85781
0.63854, 0.20305
0.22832, 0.10434
0.30666, 0.59786
0.24138, 0.4354
0.26911, 0.49243
0.42419, 0.80961
0.24425, 0.32145
0.93656, 0.10616
0.93523, 0.14714
0.46283, 0.81988
0.37308, 0.14509
0.73644, 0.8705
0.94773, 0.5304
0.15853, 0.89124
0.90825, 0.04534
0.40819, 0.44946
0.13715, 0.41623
0.14666, 0.87087
0.4873, 0.71656
0.97403, 0.80965
0.06769, 0.72056
0.79856, 0.84662
0.70651, 0.29518
0.00122, 0.26435
0.25421, 0.93875
0.71692, 0.4179
0.82076, 0.98411
0.30288, 0.42723
0.61244, 0.76168
0.60701, 0.26281
0.09025, 0.50527
0.82791, 0.81807
0.83514, 0.81483
0.72231, 0.41665
0.45598, 0.88282
0.88773, 0.13439
0.10429, 0.56462
0.83973, 0.48765
0.38298, 0.22226
0.54518, 0.7604
0.95522, 0.4368
0.24898, 0.26368
0.85527, 0.93691
0.81711, 0.311
0.54105, 0.47534
0.84843, 0.91418
0.92279, 0.97701
0.76798, 0.47764
0.63991, 0.44039
0.677, 0.21825
0.74273, 0.71533
0.39432, 0.22924
0.05878, 0.20998
0.34037, 0.00238
0.43456, 0.65179
0.7674, 0.19509
0.66755, 0.38764
0.79353, 0.46075
0.67299, 0.4815
0.78002, 0.34438
0.76101, 0.01449
0.50254, 0.47751
0.26869, 0.07795
0.97454, 0.54563
0.88429, 0.82725
0.90622, 0.64096
0.654, 0.74287
0.12458, 0.69063
0.82059, 0.99422
0.57692, 0.48421
0.98255, 0.56293
0.48739, 0.92734
0.72598, 0.42835
0.01899, 0.72231
0.95438, 0.36061
0.25964, 0.07983
0.58953, 0.02241
0.24806, 0.94124
0.88748, 0.25621
0.57605, 0.16465
0.74507, 0.86222
0.00954, 0.25921
0.09183, 0.96408
0.3466, 0.35016
0.24429, 0.66758
0.18256, 0.1045
0.79702, 0.88227
0.21165, 0.97592
0.02493, 0.25872
0.68642, 0.68167
0.17324, 0.05034
0.49761, 0.33244
0.9182, 0.56106
0.10199, 0.30939
0.54879, 0.0035
0.32749, 0.72701
0.83805, 0.34021
0.4045, 0.96349
0.26742, 0.09775
0.71216, 0.68003
0.94109, 0.3028
0.3031, 0.79274
0.51213, 0.72544
0.11392, 0.28271
0.37323, 0.17692
0.25211, 0.63746
0.72859, 0.6485
0.19137, 0.07452
0.35438, 0.73817
0.45992, 0.91227
0.10952, 0.35001
0.92537, 0.52505
0.31752, 0.79947
0.97479, 0.30296
0.69534, 0.17508
0.47183, 0.34491
0.0226, 0.03283
0.18864, 0.14136
0.15924, 0.6637
0.23692, 0.56693
0.27718, 0.35794
0.13393, 0.77678
0.97141, 0.68338
0.68669, 0.98293
0.43744, 0.82277
0.06698, 0.25116
0.58008, 0.8023
0.92622, 0.93591
0.05034, 0.47588
0.5131, 0.896
0.33782, 0.32246
0.57616, 0.15158
0.06073, 0.13199
0.72749, 0.85531
0.8952, 0.61233
0.19301, 0.98085
0.8745, 0.8474
0.25825, 0.53361
0.06319, 0.47771
0.69808, 0.05408
0.37611, 0.6172
0.32841, 0.72165
0.77758, 0.09307
0.47085, 0.10976
0.63971, 0.75821
0.28117, 0.09175
0.60872, 0.91777
0.0382, 0.36872
0.16781, 0.20737
0.19221, 0.15542
0.16733, 0.99049
0.44241, 0.20957
0.55931, 0.48195
0.44307, 0.08616
0.79747, 0.23644
0.85272, 0.30847
0.30686, 0.96416
0.01301, 0.72949
0.23366, 0.84971
0.72575, 0.90926
0.78359, 0.58537
0.21875, 0.94787
0.18636, 0.42026
0.13187, 0.43527
0.12903, 0.32415
0.28285, 0.04269
0.73662, 0.57001
0.23186, 0.09752
0.25454, 0.35237
0.47753, 0.66109
0.65186, 0.29997
0.2312, 0.28668
0.88703, 0.11103
0.45424, 0.96335
0.73264, 0.57845
0.40357, 0.74056
0.95637, 0.42498
0.98842, 0.45248
0.37034, 0.94291
0.89988, 0.39
0.74302, 0.0475
0.56395, 0.14059
0.60879, 0.18567
0.16745, 0.92715
0.67965, 0.3603
0.90935, 0.89792
0.70354, 0.71573
0.13174, 0.66058
0.97276, 0.59517
0.2772, 0.57679
0.81994, 0.27791
0.26654, 0.41158
0.19031, 0.43631
0.72026, 0.96492
0.05301, 0.31757
0.63099, 0.76125
0.44156, 0.92437
0.58484, 0.35961
0.0338, 0.26683
0.33451, 0.81554
0.47442, 0.59379
0.65632, 0.10398
0.14704, 0.0846
0.31928, 0.32882
0.42192, 0.48894
0.17316, 0.38199
0.91572, 0.93136
0.30934, 0.2309
0.59842, 0.63841
0.23045, 0.26418
0.00673, 0.28568
0.70608, 0.00714
0.0438, 0.23844
0.48444, 0.50919
0.10103, 0.60218
0.56389, 0.0189
0.49897, 0.50622
0.77178, 0.93523
0.45686, 0.25666
0.31374, 0.12737
0.07329, 0.09249
0.79371, 0.73674
0.60567, 0.79523
0.52981, 0.77888
0.44057, 0.84894
0.09602, 0.33655
0.53551, 0.91192
0.36699, 0.77307
0.4646, 0.8534
0.79345, 0.39617
0.41102, 0.20853
0.14209, 0.98203
0.77482, 0.54918
0.24741, 0.70004
0.73536, 0.99619
0.85679, 0.23609
0.85683, 0.99094
0.70645, 0.36636
0.71015, 0.22943
0.43515, 0.33106
0.19983, 0.95439
0.90215, 0.261
0.63659, 0.93992
0.59141, 0.05229
0.6353, 0.15994
0.18245, 0.85683
0.67844, 0.66578
0.9346, 0.51466
0.82546, 0.87042
0.00579, 0.58521
0.89336, 0.35595
0.41312, 0.11727
0.60143, 0.88155
0.17122, 0.18907
0.93225, 0.94019
0.88229, 0.10141
0.73086, 0.84694
0.4873, 0.04726
0.76685, 0.84676
0.53679, 0.57051
0.64149, 0.88961
0.42796, 0.83263
0.14083, 0.8724
0.43056, 0.16996
0.54867, 0.79243
0.74366, 0.35319
0.20257, 0.32722
0.26538, 0.37604
0.33636, 0.68253
0.89351, 0.72652
0.62231, 0.54225
0.23116, 0.52061
0.69782, 0.27463
0.92273, 0.68254
0.60649, 0.34234
0.60154, 0.6778
0.5651, 0.19857
0.9685, 0.5426
0.00229, 0.00864
0.51942, 0.4376
0.65462, 0.83255
0.10354, 0.26625
0.95475, 0.97571
0.75476, 0.07406
0.323, 0.19558
0.62274, 0.39549
0.53027, 0.77136
0.66954, 0.91554
0.7731, 0.38701
0.90352, 0.20103
0.04716, 0.84555
0.17093, 0.25191
0.62201, 0.97293
0.73866, 0.67146
0.81203, 0.32681
0.86614, 0.53301
0.70367, 0.09454
0.01694, 0.47545
0.10082, 0.92233
0.96827, 0.95767
0.52687, 0.36646
0.84089, 0.41106
0.85109, 0.43594
0.00254, 0.98443
0.76021, 0.95888
0.79735, 0.82729
0.34828, 0.941
0.88476, 0.264
0.41957, 0.53381
0.00691, 0.72439
0.22784, 0.38645
0.20905, 0.95687
0.08404, 0.80002
0.95599, 0.00961
0.74469, 0.08435
0.92559, 0.7324
0.37793, 0.06376
0.20972, 0.37672
0.48674, 0.98897
0.13422, 0.78015
0.8547, 0.23178
0.23401, 0.90662
0.15473, 0.69439
0.47753, 0.90511
0.15339, 0.79334
0.28369, 0.85715
0.03552, 0.05406
0.45927, 0.02887
0.05806, 0.18512
0.59813, 0.25654
0.27854, 0.19023
0.18658, 0.10747
0.92285, 0.07368
0.03233, 0.79456
0.26332, 0.73169
0.49727, 0.4151
0.4787, 0.26808
0.31831, 0.27709
0.36031, 0.92009
0.17275, 0.90496
0.14473, 0.95354
0.96143, 0.60126
0.59492, 0.62387
0.17444, 0.41899
0.5234, 0.83665
0.15442, 0.08398
0.58409, 0.40907
0.14515, 0.25693
0.78716, 0.49311
0.32356, 0.28272
0.28154, 0.73401
0.47595, 0.42798
0.7196, 0.76502
0.86023, 0.5008
0.8262, 0.05699
0.82082, 0.55247
0.36465, 0.49412
0.95206, 0.71057
0.14767, 0.4853
0.76888, 0.86936
0.65973, 0.47572
0.63411, 0.92341
0.63575, 0.54576
0.49899, 0.2096
0.32047, 0.94401
0.46044, 0.40231
0.20982, 0.42572
0.45134, 0.29139
0.41939, 0.08624
0.36186, 0.87564
0.5102, 0.03915
0.45712, 0.4872
0.33651, 0.17544
0.80652, 0.5923
0.17825, 0.19824
0.50441, 0.30905
0.51191, 0.80543
0.42493, 0.19862
0.08931, 0.68929
0.67569, 0.57163
0.46973, 0.65428
0.25616, 0.59046
0.72365, 0.78894
0.92027, 0.24698
0.68261, 0.51357
0.45127, 0.20491
0.8396, 0.83294
0.86429, 0.53871
0.08514, 0.41045
0.86421, 0.60498
0.70667, 0.12226
0.99731, 0.32717
0.41886, 0.97618
0.88417, 0.36415
0.90053, 0.82695
0.01841, 0.68061
0.91557, 0.44734
0.13102, 0.21183
0.31528, 0.38367
0.38793, 0.86154
0.70342, 0.17383
0.72371, 0.08648
0.26829, 0.83928
0.74885, 0.00342
0.30841, 0.05419
0.34445, 0.27335
0.68888, 0.38239
0.23897, 0.05147
0.55937, 0.21287
0.84323, 0.99403
0.51339, 0.88394
0.58316, 0.94978
0.42364, 0.21409
0.74871, 0.08218
0.82503, 0.30555
0.18496, 0.08181
0.40553, 0.24728
0.10564, 0.27569
0.10804, 0.35144
0.14018, 0.05626
0.31342, 0.17386
0.47058, 0.00516
0.91082, 0.32819
0.54291, 0.12997
0.67764, 0.06428
0.16248, 0.02875
0.7687, 0.46495
0.17739, 0.50586
0.27177, 0.59975
0.02282, 0.04198
0.76088, 0.91213
0.55232, 0.70303
0.76226, 0.5863
0.25982, 0.56042
0.04591, 0.50029
0.10448, 0.64852
0.72663, 0.7055
0.23975, 0.61552
0.18616, 0.89928
0.47804, 0.47136
0.25143, 0.34199
0.3366, 0.93023
0.09805, 0.44593
0.50213, 0.14592
0.4046, 0.10924
0.79419, 0.3027
0.9882, 0.93923
0.34472, 0.68095
0.3853, 0.28407
0.82397, 0.34842
0.20479, 0.61567
0.50755, 0.06814
0.29839, 0.62968
0.11236, 0.00067
0.79035, 0.99834
0.02584, 0.35199
0.49702, 0.24284
0.4272, 0.85674
0.7634, 0.90664
0.48291, 0.92935
0.81527, 0.69241
0.81968, 0.05783
0.71107, 0.91817
0.6911, 0.83255
0.08391, 0.17821
0.56664, 0.01569
0.66137, 0.62711
0.26978, 0.42423
0.56339, 0.1808
0.70727, 0.52079
0.11281, 0.35968
0.33906, 0.84719
0.22844, 0.16698
0.95474, 0.13529
0.6846, 0.17031
0.54876, 0.41326
0.8782, 0.58311
0.06802, 0.72771
0.66054, 0.6078
0.57433, 0.49847
0.74615, 0.59323
0.94016, 0.99684
0.95986, 0.22039
0.93904, 0.55732
0.90971, 0.71947
0.13425, 0.0301
0.39382, 0.96856
0.83439, 0.93333
0.7667, 0.06587
0.04139, 0.29174
0.97112, 0.73899
0.8052, 0.99591
0.72639, 0.9543
0.58937, 0.95595
0.75081, 0.95537
0.31421, 0.57264
0.7918, 0.40238
0.40079, 0.44566
0.81517, 0.92663
0.92377, 0.16228
0.308, 0.90241
0.89865, 0.87219
0.83388, 0.61815
0.55136, 0.04222
0.89312, 0.5268
0.69301, 0.21821
0.19256, 0.06632
0.40988, 0.00579
0.89081, 0.20183
0.40856, 0.81006
0.85513, 0.49842
0.39067, 0.39649
0.60355, 0.79767
0.27428, 0.09513
0.33772, 0.93333
0.2509, 0.72216
0.06847, 0.15526
0.43281, 0.95299
0.05093, 0.86056
0.59848, 0.22471
0.77957, 0.77447
0.79122, 0.11054
0.07599, 0.34285
0.12791, 0.86375
0.95318, 0.07261
0.05588, 0.43129
0.27345, 0.57421
0.54643, 0.59617
0.0082, 0.91758
0.22919, 0.39097
0.96334, 0.32142
0.04432, 0.90406
0.44437, 0.24555
0.82278, 0.73091
0.30824, 0.12445
0.91545, 0.96104
0.36548, 0.36448
0.14211, 0.13771
0.345, 0.40708
0.02207, 0.1816
0.71731, 0.48118
0.77819, 0.288
0.25716, 0.58721
0.01489, 0.44455
0.44428, 0.79632
0.03364, 0.44599
0.62915, 0.02873
0.054, 0.81123
0.57521, 0.54044
0.90681, 0.45057
0.49861, 0.46402
0.86155, 0.68621
0.2554, 0.9076
0.81001, 0.01236
0.46333, 0.78893
0.62782, 0.23209
0.78691, 0.50085
0.40012, 0.47942
0.44528, 0.39499
0.19299, 0.81829
0.27467, 0.4358
0.67713, 0.82612
0.55589, 0.953
0.81449, 0.83785
0.14752, 0.6039
0.46618, 0.07175
0.48254, 0.65412
0.28814, 0.45449
0.65164, 0.80322
0.66954, 0.81728
0.61097, 0.64551
0.99518, 0.9035
0.77331, 0.53939
0.92081, 0.57459
0.4373, 0.11814
0.89639, 0.6894
0.63639, 0.47678
0.20494, 0.61262
0.89903, 0.21319
0.6348, 0.54985
0.60158, 0.87344
0.29351, 0.35763
0.62406, 0.60361
0.14813, 0.63959
0.4204, 0.56661
0.47787, 0.52291
0.36266, 0.1831
0.09973, 0.76968
0.97241, 0.25883
0.55995, 0.25792
0.96834, 0.87054
0.75787, 0.25435
0.77883, 0.32132
0.42474, 0.23377
0.70786, 0.12716
0.00151, 0.52511
0.61344, 0.02535
0.40925, 0.13495
0.65239, 0.60401
0.95855, 0.01005
0.30749, 0.71303
0.57673, 0.78608
0.41169, 0.59584
0.15923, 0.53582
0.75578, 0.08291
0.35667, 0.34054
0.48296, 0.74199
0.46293, 0.96963
0.56722, 0.83064
0.52994, 0.33097
0.57387, 0.35441
0.70848, 0.05412
0.44702, 0.38931
0.05102, 0.8172
0.35587, 0.78341
0.78095, 0.60377
0.36378, 0.26439
0.63304, 0.19401
0.76742, 0.1949
0.03584, 0.65934
0.21148, 0.49014
0.27902, 0.79739
0.41656, 0.59902
0.05105, 0.18037
0.55223, 0.17876
0.38162, 0.85846
0.10047, 0.52571
0.47023, 0.67663
0.63672, 0.0974
0.65677, 0.05203
0.46672, 0.78037
0.79882, 0.96887
0.03632, 0.50725
0.60169, 0.06401
0.51059, 0.37976
0.86824, 0.78658
0.45562, 0.45947
0.73821, 0.23106
0.64471, 0.70211
0.77069, 0.28477
0.09844, 0.5492
0.48347, 0.54403
0.61852, 0.2436
0.57411, 0.09574
0.87538, 0.15722
0.70814, 0.39706
0.69291, 0.3182
0.9072, 0.17731
0.18946, 0.8484
0.25567, 0.36308
0.52942, 0.19419
0.93548, 0.61659
0.25854, 0.89631
0.11689, 0.55155
0.62843, 0.03492
0.73699, 0.98185
0.03231, 0.73568
0.46769, 0.57431
0.90669, 0.01169
0.89648, 0.15244
0.25971, 0.2642
0.36819, 0.59772
0.51876, 0.27599
0.45919, 0.52338
0.88842, 0.47103
0.28009, 0.23462
0.58702, 0.10486
0.96555, 0.59366
0.18061, 0.42376
0.64463, 0.63292
0.48845, 0.16543
0.19414, 0.1789
0.52373, 0.74045
0.94526, 0.9991
0.77318, 0.72617
0.95236, 0.23381
0.03133, 0.23702
0.63658, 0.22234
0.03777, 0.51309
0.76254, 0.91062
0.96053, 0.56793
0.06433, 0.29939
0.13421, 0.25479
0.57964, 0.89561
0.58097, 0.8808
0.32548, 0.05741
0.16097, 0.08916
0.69036, 0.59605
0.44001, 0.50241
0.22159, 0.08634
0.60313, 0.34962
0.11622, 0.80312
0.90248, 0.75676
0.51525, 0.03942
0.19381, 0.2854
0.20875, 0.35014
0.25748, 0.21479
0.47722, 0.199
0.02645, 0.65656
0.58762, 0.61368
0.05384, 0.95955
0.43719, 0.8259
0.68998, 0.14751
0.81832, 0.54379
0.89401, 0.17335
0.35935, 0.06606
0.15012, 0.28397
0.3599, 0.63181
0.14802, 0.80759
0.34395, 0.36008
0.25124, 0.12778
0.29473, 0.6951
0.64134, 0.02387
0.21573, 0.80791
0.64635, 0.02763
0.3633, 0.8605
0.46318, 0.66019
0.64347, 0.12336
0.07459, 0.36707
0.18413, 0.53205
0.50014, 0.74109
0.44911, 0.37174
0.24864, 0.4837
0.15892, 0.59674
0.49884, 0.98043
0.46713, 0.25001
0.13825, 0.91508
0.86932, 0.58772
0.49715, 0.46616
0.50231, 0.30397
0.29364, 0.09734
0.54756, 0.32244
0.58799, 0.73204
0.72945, 0.50052
0.07174, 0.78457
0.47631, 0.3531
0.46423, 0.95966
0.2648, 0.18548
0.97969, 0.93771
0.39137, 0.99425
0.63099, 0.45965
0.14916, 0.0784
0.56761, 0.30213
0.91635, 0.93047
0.10633, 0.30348
0.46392, 0.9534
0.07721, 0.54643
0.83211, 0.94085
0.36224, 0.06346
0.7644, 0.15861
0.81822, 0.79636
0.7895, 0.76352
0.65362, 0.09872
0.24827, 0.43256
0.88154, 0.26906
0.74124, 0.76633
0.49489, 0.77953
0.62546, 0.80652
0.78691, 0.40814
0.75387, 0.68728
0.676, 0.87528
0.26007, 0.48292
0.421, 0.67907
0.63941, 0.59717
0.81258, 0.07761
0.54735, 0.58058
0.28405, 0.77471
0.66903, 0.22375
0.49005, 0.16263
0.61974, 0.77963
0.12284, 0.14242
0.13968, 0.11651
0.25734, 0.39763
0.44534, 0.00384
0.95523, 0.13374
0.27814, 0.4732
0.04009, 0.84376
0.58247, 0.08499
0.68106, 0.28042
0.13451, 0.45405
0.02486, 0.48263
0.49595, 0.5571
0.51755, 0.31336
0.43209, 0.65589
0.50653, 0.48377
0.87173, 0.08329
0.4117, 0.32038
0.45572, 0.54302
0.2077, 0.51733
0.4826, 0.09894
0.82537, 0.83107
0.73824, 0.20661
0.31389, 0.2113
0.61777, 0.03798
0.68004, 0.6848
0.22183, 0.45194
0.24332, 0.24773
0.17714, 0.11439
0.17456, 0.52935
0.76908, 0.52276
0.65509, 0.99257
0.53702, 0.11641
0.87678, 0.5432
0.2964, 0.16872
0.53741, 0.02089
0.23568, 0.75742
0.90192, 0.82418
0.69638, 0.58716
0.11953, 0.86932
0.0162, 0.83578
0.8269, 0.58807
0.79771, 0.22465
0.04492, 0.85563
0.45157, 0.52688
0.11737, 0.07035
0.9783, 0.31193
0.68089, 0.55842
0.63099, 0.06317
0.03324, 0.42548
0.25774, 0.14181
0.2384, 0.67763
0.37397, 0.02458
0.1918, 0.61053
0.05377, 0.94652
0.11262, 0.66513
0.32632, 0.13971
0.53305, 0.73228
0.3475, 0.53399
0.26179, 0.71203
0.37728, 0.17446
0.33911, 0.26692
0.18943, 0.04875
0.46679, 0.51693
0.94903, 0.54479
0.33619, 0.88017
0.00277, 0.48137
0.89063, 0.67322
0.73139, 0.7589
0.59987, 0.38589
0.84141, 0.60569
0.32649, 0.3458
0.30884, 0.60435
0.76491, 0.55142
0.20671, 0.89741
0.17284, 0.58251
0.61541, 0.2749
0.2255, 0.89965
0.73426, 0.51764
0.92173, 0.15038
0.92321, 0.17134
0.14164, 0.90868
0.62019, 0.87211
0.16922, 0.80047
0.97087, 0.76771
0.99471, 0.70689
0.73619, 0.84567
0.22398, 0.73099
0.11559, 0.60807
0.4944, 0.21976
0.57557, 0.7221
0.15922, 0.70466
0.35118, 0.57451
0.04334, 0.97779
0.91587, 0.97553
0.21558, 0.58793
0.57861, 0.4807
0.18939, 0.87428
0.47033, 0.00614
0.92501, 0.0696
0.71823, 0.30601
0.49472, 0.46423
0.91907, 0.91497
0.4883, 0.58449
0.30446, 0.61588
0.61108, 0.94599
0.91546, 0.56266
0.85048, 0.21222
0.134, 0.66652
0.87137, 0.32218
0.42424, 0.32393
0.30751, 0.62678
0.31504, 0.49475
0.50667, 0.16574
0.64597, 0.21564
0.71923, 0.78012
0.6682, 0.26185
0.05104, 0.28299
0.1176, 0.53518
0.84276, 0.20811
0.18772, 0.06391
0.12985, 0.92263
0.90912, 0.83751
0.69791, 0.95066
0.61611, 0.12219
0.70716, 0.59727
0.06889, 0.01931
0.16821, 0.03579
0.59631, 0.27949
0.06166, 0.07641
0.38936, 0.36159
0.28072, 0.89172
0.72052, 0.18779
0.05914, 0.83248
0.94338, 0.09106
0.23452, 0.89414
0.95441, 0.87752
0.61643, 0.99602
0.10193, 0.96065
0.81534, 0.28155
0.48895, 0.45048
0.7316, 0.72911
0.32399, 0.65661
0.37556, 0.80431
0.34581, 0.97805
0.7869, 0.45313
0.5252, 0.6352
0.69541, 0.15503
0.48158, 0.99656
0.20673, 0.5603
0.49173, 0.44672
0.56463, 0.52178
0.48914, 0.81381
0.35786, 0.53117
0.91732, 0.01489
0.17301, 0.5817
0.23969, 0.53573
0.94762, 0.6481
0.987, 0.01075
0.88778, 0.3387
0.58517, 0.88447
0.49024, 0.98772
0.5337, 0.54023
0.23016, 0.37553
0.27096, 0.96102
0.93115, 0.72752
0.30075, 0.22895
0.88226, 0.75989
0.57281, 0.91697
0.59071, 0.45915
0.47099, 0.72707
0.75749, 0.33327
0.84075, 0.69344
0.1644, 0.79146
0.96534, 0.72416
0.74494, 0.27786
0.2537, 0.70221
0.36034, 0.31415
0.91338, 0.7492
0.41021, 0.79807
0.56515, 0.76549
0.63137, 0.07362
0.04303, 0.09159
0.08698, 0.03289
0.47278, 0.12125
0.36932, 0.56945
0.36406, 0.04643
0.46774, 0.89896
0.02513, 0.86969
0.85833, 0.44363
0.63449, 0.70281
0.86701, 0.82909
0.96309, 0.30146
0.26041, 0.0916
0.68604, 0.00663
0.19922, 0.86959
0.21494, 0.79203
0.66127, 0.85596
0.56676, 0.70221
0.38992, 0.81713
0.9667, 0.67955
0.7425, 0.26883
0.74961, 0.00991
0.59699, 0.79708
0.86705, 0.84056
0.01233, 0.17858
0.73829, 0.21078
0.84047, 0.41595
0.993, 0.72081
0.00424, 0.56186
0.00071, 0.57655
0.28779, 0.11727
0.59228, 0.49508
0.93839, 0.51251
0.18098, 0.94198
0.72104, 0.3336
0.35736, 0.52717
0.28002, 0.69564
0.26806, 0.59808
0.66462, 0.91251
0.39498, 0.15231
0.73778, 0.49026
0.48609, 0.8802
0.22559, 0.9526
0.64781, 0.58101
0.14961, 0.28604
0.2191, 0.218
0.63993, 0.9116
0.84646, 0.78491
0.72074, 0.52882
0.41179, 0.93829
0.3104, 0.07911
0.93708, 0.91849
0.93963, 0.40568
0.64182, 0.94959
0.32324, 0.26951
0.52456, 0.40537
0.85407, 0.57369
0.7203, 0.7829
0.5137, 0.01532
0.85352, 0.83614
0.95489, 0.20268
0.02377, 0.59876
0.14575, 0.78118
0.71809, 0.52015
0.59829, 0.95146
0.87852, 0.47196
0.12941, 0.54599
0.4306, 0.48764
0.79116, 0.18273
0.78195, 0.31742
0.12761, 0.57016
0.1273, 0.02401
0.50714, 0.89586
0.95124, 0.94367
0.88465, 0.14357
0.1985, 0.19244
0.57159, 0.36265
0.11093, 0.03196
0.09986, 0.71096
0.71189, 0.75993
0.19826, 0.64135
0.72203, 0.67634
0.97558, 0.26994
0.82834, 0.6598
0.96645, 0.07721
0.77971, 0.57278
0.19129, 0.53749
0.70749, 0.45568
0.26289, 0.4235
0.46792, 0.13142
0.2673, 0.23608
0.73819, 0.35182
0.50935, 0.67185
0.5211, 0.76116
0.0956, 0.19748
0.74305, 0.47784
0.16925, 0.33293
0.59044, 0.57812
0.64792, 0.68109
0.68128, 0.78129
0.07873, 0.99678
0.67046, 0.80798
0.69562, 0.30781
0.85982, 0.50926
0.94186, 0.20396
0.29346, 0.43037
0.96235, 0.10737
0.18051, 0.4502
0.89494, 0.50121
0.94238, 0.8362
0.73776, 0.38776
0.13506, 0.23325
0.3252, 0.74661
0.97579, 0.7675
0.38098, 0.48562
0.58388, 0.42379
0.13592, 0.21844
0.54104, 0.36322
0.75808, 0.15064
0.26635, 0.42258
0.68015, 0.72798
0.34378, 0.45449
0.45123, 0.75503
0.4513, 0.62909
0.06824, 0.6433
0.37376, 0.5602
0.32689, 0.65695
0.125, 0.92765
0.6302, 0.5904
0.15242, 0.69184
0.61194, 0.99552
0.45793, 0.47508
0.14051, 0.06216
0.74049, 0.34901
0.33767, 0.1106
0.32336, 0.71816
0.3273, 0.92538
0.28164, 0.75365
0.92982, 0.49249
0.67108, 0.42755
0.76094, 0.94838
0.98672, 0.48198
0.12521, 0.44889
0.08972, 0.68858
0.51651, 0.44048
0.60363, 0.41087
0.2656, 0.23565
0.69859, 0.2691
0.74141, 0.14634
0.06496, 0.98146
0.11544, 0.21404
0.96514, 0.72321
0.35276, 0.26559
0.31609, 0.65892
0.00951, 0.84051
0.31815, 0.16546
0.79429, 0.61562
0.63221, 0.41336
0.99411, 0.07724
0.84135, 0.67038
0.20839, 0.51907
0.07929, 0.60914
0.74811, 0.13352
0.49894, 0.75353
0.47748, 0.67593
0.05315, 0.51
0.19099, 0.3524
0.80778, 0.26588
0.21836, 0.37559
0.75598, 0.12823
0.04593, 0.4261
0.64537, 0.91868
0.0518, 0.70094
0.13198, 0.94894
0.56181, 0.10929
0.16813, 0.10336
0.63942, 0.65012
0.45795, 0.00883
0.79335, 0.95336
0.2153, 0.31146
0.66986, 0.99652
0.28497, 0.05267
0.81745, 0.89513
0.04001, 0.37402
0.02816, 0.61481
0.04619, 0.97348
0.2182, 0.84771
0.92433, 0.82432
0.45665, 0.29578
0.9472, 0.41602
0.88981, 0.54677
0.02246, 0.72359
0.91599, 0.55836
0.50603, 0.91226
0.42385, 0.28687
0.39935, 0.43746
0.29501, 0.33517
0.52468, 0.65288
0.13846, 0.75054
0.31378, 0.9508
0.55625, 0.96224
0.0742, 0.13121
0.44417, 0.24283
0.84883, 0.63817
0.95883, 0.75232
0.97147, 0.74646
0.26719, 0.43449
0.31543, 0.51031
0.03337, 0.28566
0.49158, 0.96271
0.14877, 0.93444
0.4523, 0.12163
0.08209, 0.85424
0.49201, 0.94181
0.54462, 0.69747
0.17103, 0.45911
0.52962, 0.90144
0.02292, 0.90184
0.9855, 0.87769
0.57138, 0.93872
0.27346, 0.89745
0.37478, 0.48263
0.87884, 0.47083
0.61313, 0.76802
0.60406, 0.69892
0.27553, 0.24795
0.69193, 0.76065
0.37886, 0.86047
0.70045, 0.18273
0.07072, 0.51387
0.86644, 0.86355
0.07945, 0.20709
0.0222, 0.78334
0.946, 0.74959
0.83681, 0.75456
0.92101, 0.40836
0.85591, 0.76172
0.67809, 0.393
0.26506, 0.75194
0.63856, 0.98898
0.8301, 0.32475
0.29387, 0.97499
0.04709, 0.00228
0.93381, 0.18801
0.30137, 0.09169
0.54359, 0.08626
0.98308, 0.25898
0.5621, 0.85034
0.66598, 0.08838
0.72874, 0.71802
0.58635, 0.98379
0.32108, 0.81112
0.30679, 0.21779
0.43591, 0.08043
0.40402, 0.14181
0.20857, 0.14539
0.70649, 0.95666
0.59194, 0.27237
0.5538, 0.1569
0.33707, 0.95121
0.15748, 0.54184
0.04105, 0.24053
0.60684, 0.96825
0.12747, 0.26676
0.18087, 0.14855
0.96912, 0.76952
0.70163, 0.96198
0.60649, 0.44918
0.00699, 0.5886
0.2741, 0.70712
0.81878, 0.33245
0.79432, 0.13976
0.35396, 0.62694
0.40123, 0.39992
0.12336, 0.56424
0.69166, 0.61284
0.92903, 0.23236
0.29531, 0.37475
0.45984, 0.35883
0.55247, 0.24051
0.53192, 0.43057
0.76258, 0.0051
0.77607, 0.83337
0.53474, 0.49947
0.99167, 0.9299
0.53468, 0.50807
0.792, 0.81198
0.56806, 0.89367
0.30356, 0.10791
0.69754, 0.05747
0.59963, 0.08243
0.7026, 0.72655
0.35736, 0.38843
0.43105, 0.60743
0.62032, 0.15272
0.07936, 0.0113
0.48638, 0.8566
0.79504, 0.08549
0.79786, 0.108
0.41841, 0.41085
0.63998, 0.30134
0.46132, 0.24999
0.30609, 0.42595
0.65139, 0.04422
0.42228, 0.8571
0.77239, 0.5625
0.34575, 0.70181
0.8373, 0.4207
0.31628, 0.90253
0.74655, 0.9681
0.71746, 0.20646
0.83223, 0.35181
0.06516, 0.18823
0.06052, 0.44091
0.39609, 0.48997
0.09609, 0.82318
0.15443, 0.4821
0.79759, 0.95264
0.1109, 0.56817
0.83027, 0.83115
0.73646, 0.58964
0.57271, 0.15992
0.66474, 0.21755
0.91097, 0.25427
0.38942, 0.20108
0.53043, 0.17657
0.7656, 0.85825
0.22272, 0.66891
0.82884, 0.81242
0.78582, 0.57666
0.19391, 0.37528
0.3801, 0.71938
0.18187, 0.80371
0.33631, 0.15663
0.94648, 0.837
0.41561, 0.52952
0.90568, 0.83692
0.85256, 0.66162
0.13362, 0.58297
0.31863, 0.39523
0.23988, 0.82035
0.54943, 0.88507
0.2863, 0.66506
0.41238, 0.93236
0.65492, 0.68858
0.68792, 0.55392
0.19629, 0.22502
0.09013, 0.62917
0.60743, 0.57077
0.06616, 0.21046
0.41325, 0.96133
0.23888, 0.89903
0.85807, 0.29294
0.2811, 0.48044
0.86037, 0.89579
0.62968, 0.26544
0.60445, 0.03869
0.67359, 0.58078
0.34123, 0.03345
0.35507, 0.13619
0.76516, 0.05925
0.86975, 0.84298
0.87314, 0.22608
0.74499, 0.55409
0.42217, 0.17218
0.18656, 0.79342
0.54189, 0.2479
0.4219, 0.94135
0.35362, 0.63283
0.79035, 0.90736
0.70562, 0.35142
0.04583, 0.49
0.26588, 0.19172
0.61957, 0.99121
0.35345, 0.10925
0.54003, 0.91472
0.86514, 0.78807
0.9135, 0.8453
0.66237, 0.50402
0.36948, 0.59741
0.32037, 0.0518
0.36394, 0.85765
0.44724, 0.56815
0.96047, 0.78505
0.83566, 0.80809
0.28862, 0.21059
0.65632, 0.60541
0.63928, 0.97469
0.01652, 0.46229
0.42344, 0.93977
0.37399, 0.19521
0.0256, 0.8433
0.39969, 0.28344
0.00448, 0.6559
0.93814, 0.43795
0.57997, 0.06851
0.99915, 0.31636
0.06478, 0.53972
0.73557, 0.03835
0.41373, 0.41649
0.17549, 0.56531
0.53885, 0.19781
0.20034, 0.41621
0.19162, 0.94037
0.94812, 0.53945
0.58017, 0.43387
0.64753, 0.9173
0.98483, 0.48346
0.49274, 0.32539
0.91947, 0.30616
0.3077, 0.99415
0.93954, 0.4646
0.4478, 0.89133
0.69981, 0.11777
0.49992, 0.22198
0.658, 0.76603
0.16427, 0.05884
0.44334, 0.13287
0.65435, 0.18707
0.99056, 0.25043
0.28568, 0.70737
0.81957, 0.80758
0.52436, 0.37109
0.74408, 0.31985
0.8073, 0.97889
0.15509, 0.41277
0.59497, 0.85684
0.89699, 0.13604
0.30223, 0.44552
0.23071, 0.40467
0.61211, 0.88565
0.77098, 0.82713
0.97487, 0.8056
0.47025, 0.80358
0.3729, 0.62648
0.46946, 0.23619
0.49613, 0.58187
0.14275, 0.0178
0.26162, 0.86832
0.27137, 0.5865
0.1965, 0.20378
0.61264, 0.59886
0.02704, 0.01749
0.04287, 0.65752
0.42064, 0.17884
0.10451, 0.63001
0.8738, 0.41811
0.07198, 0.2741
0.88627, 0.67916
0.51692, 0.51323
0.32673, 0.6915
0.66138, 0.36606
0.42543, 0.38434
0.0589, 0.73669
0.45014, 0.35006
0.98925, 0.82928
0.52886, 0.80842
0.21634, 0.01961
0.69839, 0.7922
0.21272, 0.27823
0.40805, 0.15363
0.43711, 0.3803
0.65561, 0.50616
0.45047, 0.57439
0.93105, 0.36471
0.95805, 0.22149
0.44474, 0.43335
0.4089, 0.85539
0.00776, 0.50824
0.95406, 0.36989
0.68323, 0.70665
0.97877, 0.11893
0.66672, 0.62598
0.20233, 0.38836
0.69313, 0.72454
0.39717, 0.00209
0.61098, 0.9949
0.52162, 0.77053
0.59045, 0.1082
0.75808, 0.77215
0.80081, 0.40828
0.38155, 0.08445
0.84533, 0.01822
0.70644, 0.26369
0.99662, 0.16498
0.07658, 0.70969
0.5037, 0.60885
0.76588, 0.052
0.18952, 0.62465
0.66723, 0.64794
0.39561, 0.62266
0.25541, 0.60153
0.38965, 0.02243
0.18733, 0.1454
0.0056, 0.67224
0.22551, 0.47659
0.84159, 0.16797
0.22258, 0.98847
0.09686, 0.18411
0.97684, 0.03732
0.06561, 0.8883
0.89123, 0.26179
0.07495, 0.57616
0.8903, 0.46243
0.52955, 0.96833
0.35721, 0.05103
0.78451, 0.14035
0.39884, 0.91692
0.95245, 0.85717
0.61157, 0.18559
0.91726, 0.72988
0.15526, 0.60062
0.68912, 0.40048
0.48012, 0.27973
0.97598, 0.09196
0.95887, 0.0969
0.05524, 0.34462
0.44664, 0.83803
0.58914, 0.51075
0.5736, 0.76231
0.64518, 0.74536
0.93418, 0.12849
0.75821, 0.20082
0.54761, 0.21172
0.12452, 0.45014
0.14832, 0.0833
0.3617, 0.38693
0.97136, 0.77671
0.9866, 0.2869
0.18102, 0.62895
0.15836, 0.66903
0.20628, 0.46371
0.80069, 0.54125
0.72648, 0.13343
0.42464, 0.60552
0.78645, 0.17849
0.08723, 0.67638
0.81711, 0.14014
0.77983, 0.95455
0.89465, 0.57636
0.27877, 0.69033
0.71536, 0.82102
0.71494, 0.45316
0.42502, 0.18166
0.26593, 0.90014
0.81099, 0.84428
0.66673, 0.94658
0.3922, 0.82863
0.31985, 0.23896
0.49855, 0.46542
0.8878, 0.47329
0.7844, 0.27845
0.93069, 0.46416
0.15182, 0.33599
0.43196, 0.9696
0.44508, 0.00127
0.40715, 0.83727
0.40723, 0.26359
0.01321, 0.54683
0.21187, 0.05229
0.74711, 0.46706
0.64041, 0.64366
0.79712, 0.92447
0.58305, 0.57599
0.7139, 0.59481
0.27927, 0.55491
0.23388, 0.24807
0.27086, 0.66501
0.5341, 0.14694
0.51667, 0.93554
0.48758, 0.46684
0.67719, 0.19392
0.07271, 0.50413
0.59208, 0.96963
0.53002, 0.61103
0.53376, 0.6842
0.78947, 0.38554
0.62213, 0.32428
0.03516, 0.59187
0.58449, 0.6502
0.39915, 0.61256
0.46904, 0.38418
0.6407, 0.443
0.61874, 0.7259
0.52175, 0.70429
0.26608, 0.91692
0.82777, 0.25593
0.06475, 0.8601
0.05415, 0.44085
0.23433, 0.93926
0.87485, 0.07687
0.76587, 0.10701
0.59133, 0.34792
0.52419, 0.42997
0.71441, 0.17974
0.95341, 0.722
0.93781, 0.92973
0.47465, 0.52629
0.39201, 0.54958
0.97088, 0.42838
0.99233, 0.45452
0.66524, 0.20761
0.3026, 0.94235
0.38474, 0.0214
0.91695, 0.64383
0.87568, 0.627
0.50792, 0.05572
0.48054, 0.93011
0.5152, 0.66667
0.49624, 0.08043
0.60638, 0.50662
0.48164, 0.44612
0.57567, 0.12476
0.41653, 0.12119
0.5545, 0.36996
0.11877, 0.19509
0.56166, 0.55692
0.35405, 0.95107
0.54617, 0.76822
0.16927, 0.31248
0.02716, 0.82415
0.46862, 0.42927
0.65145, 0.05759
0.06001, 0.63652
0.18283, 0.98216
0.7398, 0.71972
0.60127, 0.87625
0.9719, 0.5853
0.47564, 0.75303
0.04918, 0.97763
0.96642, 0.88886
0.55564, 0.48154
0.41148, 0.59594
0.61556, 0.83817
0.44568, 0.83543
0.22122, 0.94884
0.2035, 0.14835
0.3017, 0.9892
0.58572, 0.94092
0.71989, 0.705
0.0801, 0.94043
0.95009, 0.72425
0.86229, 0.11298
0.15889, 0.03455
0.45166, 0.62127
0.77496, 0.29315
0.38559, 0.31628
0.5919, 0.40192
0.60114, 0.49695
0.32045, 0.92269
0.84745, 0.54505
0.42711, 0.06279
0.85098, 0.21574
0.64282, 0.88302
0.07995, 0.32539
0.54056, 0.95583
0.61635, 0.83848
0.67067, 0.66543
0.91656, 0.8552
0.4107, 0.12873
0.78356, 0.37309
0.24301, 0.10542
0.00219, 0.84646
0.62217, 0.15865
0.33502, 0.7559
0.27265, 0.43927
0.0395, 0.46046
0.55766, 0.31865
0.71336, 0.85214
0.02301, 0.01404
0.22644, 0.95141
0.6296, 0.35143
0.37128, 0.08386
0.5758, 0.78717
0.90047, 0.5321
0.42426, 0.92274
0.14976, 0.4032
0.4742, 0.08602
0.87128, 0.71512
0.78232, 0.57255
0.45999, 0.80621
0.48035, 0.91616
0.60959, 0.7573
0.47183, 0.98586
0.13922, 0.65037
0.47091, 0.55729
0.57836, 0.58096
0.82195, 0.48723
0.63733, 0.4687
0.80776, 0.25009
0.44418, 0.47272
0.34498, 0.40885
0.35464, 0.86339
0.55721, 0.74906
0.27993, 0.51569
0.81987, 0.5823
0.59915, 0.78957
0.43221, 0.5758
0.91679, 0.16071
0.11085, 0.68203
0.18755, 0.63858
0.91692, 0.30387
0.78045, 0.70033
0.82626, 0.58744
0.70589, 0.61615
0.44645, 0.57093
0.41093, 0.44687
0.74404, 0.25413
0.46475, 0.26249
0.02013, 0.83857
0.70345, 0.89507
0.80421, 0.46219
0.0427, 0.3134
0.28028, 0.70653
0.39428, 0.7522
0.2438, 0.08028
0.39085, 0.76152
0.85734, 0.37339
0.70621, 0.44033
0.2858, 0.18213
0.13627, 0.43086
0.8631, 0.145
0.30961, 0.60946
0.60584, 0.18422
0.36917, 0.14603
0.10512, 0.14745
0.08782, 0.11217
0.5783, 0.38222
0.12546, 0.03764
0.03767, 0.82526
0.18015, 0.11311
0.35344, 0.16866
0.37108, 0.03069
0.46418, 0.35023
0.15482, 0.92463
0.30069, 0.1559
0.61243, 0.22823
0.25979, 0.16444
0.65037, 0.3124
0.68998, 0.86184
0.96453, 0.01559
0.15954, 0.31795
0.39209, 0.66773
0.45899, 0.19543
0.92909, 0.73232
0.09355, 0.28937
0.52539, 0.25081
0.42567, 0.54542
0.70702, 0.68034
0.02406, 0.18576
0.8637, 0.47415
0.98034, 0.35916
0.39258, 0.11603
0.87638, 0.62425
0.75689, 0.18307
0.25062, 0.68032
0.56855, 0.38799
0.58679, 0.44024
0.89062, 0.43282
0.19769, 0.03567
0.62355, 0.18479
0.25353, 0.34577
0.62848, 0.69353
0.27886, 0.17958
0.81916, 0.14173
0.43731, 0.44412
0.07466, 0.08124
0.38523, 0.31017
0.6021, 0.73423
0.55561, 0.58151
0.42083, 0.56992
0.92692, 0.89504
0.5158, 0.37743
0.05715, 0.83172
0.65894, 0.60446
0.88938, 0.82387
0.74072, 0.77975
0.92432, 0.93152
0.71828, 0.43949
0.13422, 0.95835
0.62734, 5e-05
0.48553, 0.4063
0.74895, 0.05334
0.91622, 0.62566
0.68735, 0.17189
0.77744, 0.52031
0.32971, 0.25944
0.39742, 0.80582
0.49659, 0.04471
0.28193, 0.73095
0.78181, 0.88047
0.3746, 0.79361
0.6077, 0.22272
0.0509, 0.70521
0.56615, 0.02473
0.72075, 0.94325
0.83049, 0.92688
0.09239, 0.92051
0.43103, 0.90233
0.95784, 0.53088
0.73651, 0.04378
0.50485, 0.58921
0.15454, 0.16417
0.60215, 0.70343
0.01962, 0.50108
0.20328, 0.40437
0.74741, 0.92691
0.45112, 0.61303
0.14483, 0.84516
0.16379, 0.80911
0.80097, 0.4188
0.68263, 0.61489
0.16493, 0.11722
0.34797, 0.93104
0.88841, 0.43641
0.51086, 0.11575
0.34123, 0.8272
0.97894, 0.54696
0.92672, 0.08562
0.73489, 0.22085
0.44991, 0.77458
0.92854, 0.91196
0.41269, 0.79234
0.44255, 0.52644
0.88367, 0.43302
0.63982, 0.39378
0.36079, 0.20869
0.17119, 0.4714
0.61168, 0.28589
0.31064, 0.57936
0.74069, 0.37568
0.92822, 0.30014
0.40761, 0.0957
0.95243, 0.35099
0.91535, 0.52373
0.05553, 0.52672
0.99226, 0.1076
0.83394, 0.52505
0.44206, 0.24476
0.50218, 0.08908
0.64196, 0.44772
0.60209, 0.49109
0.09852, 0.11986
0.20453, 0.00798
0.12906, 0.4975
0.41251, 0.23887
0.17328, 0.25398
0.53966, 0.37431
0.47155, 0.88781
0.16249, 0.71176
0.17669, 0.70404
0.0586, 0.24999
0.58711, 0.15191
0.1668, 0.54828
0.25614, 0.63129
0.92655, 0.72709
0.03356, 0.5173
0.04598, 0.61411
0.82422, 0.68702
0.29484, 0.58478
0.62193, 0.90799
0.56956, 0.92943
0.77808, 0.6316
0.96265, 0.35929
0.89763, 0.06777
0.20624, 0.30713
0.67779, 0.56205
